v -1.180226 -0.143283 -0.149002
v -1.218160 -0.115742 -0.147101
v -1.281381 -0.266515 -0.153075
v -1.244086 -0.300418 -0.155262
v -1.256066 -0.088140 -0.145197
v -1.318656 -0.232550 -0.150886
v -1.364044 -0.366243 -0.156358
v -1.327153 -0.409081 -0.158954
v -1.290235 -0.451770 -0.161543
v -0.595620 1.146296 -0.098619
v -0.550757 1.168050 -0.098342
v -0.548477 1.207807 -0.096531
v -0.595330 1.181730 -0.096976
v -0.506078 1.179052 -0.098562
v -0.501717 1.220628 -0.096700
v -0.501168 1.232594 -0.096153
v -0.548672 1.219239 -0.095996
v -0.596076 1.191992 -0.096487
v -0.605421 0.459350 -0.130396
v -0.548514 0.466041 -0.131017
v -0.534908 0.600446 -0.124991
v -0.583055 0.593130 -0.124542
v -0.488570 0.474458 -0.131607
v -0.486032 0.608616 -0.125411
v -0.495840 0.726866 -0.119753
v -0.534909 0.721260 -0.119374
v -0.575873 0.715897 -0.118952
v 0.008788 -0.451053 -0.182780
v -0.129566 -0.445634 -0.180263
v -0.140569 -0.680712 -0.191012
v 0.009458 -0.690322 -0.193915
v -0.256866 -0.433085 -0.177595
v -0.277582 -0.661270 -0.187865
v -0.297824 -0.869838 -0.197230
v -0.152416 -0.892030 -0.200642
v 0.007756 -0.903205 -0.203784
v -0.323359 0.504518 -0.132915
v -0.281959 0.519061 -0.132916
v -0.324329 0.644574 -0.126387
v -0.353268 0.633553 -0.126426
v -0.211839 0.540519 -0.133067
v -0.293435 0.658064 -0.126266
v -0.352569 0.758585 -0.120624
v -0.372964 0.752018 -0.120596
v -0.393454 0.745513 -0.120562
v -0.320807 0.250176 -0.144781
v -0.282370 0.229369 -0.146378
v -0.273962 0.360730 -0.140408
v -0.320463 0.352925 -0.140010
v -0.206115 0.230432 -0.147577
v -0.200641 0.368187 -0.141262
v -0.108534 0.235760 -0.148927
v -0.106285 0.364195 -0.142993
v -0.000887 0.237960 -0.150588
v -0.002451 0.360844 -0.144849
v -0.004014 0.483697 -0.139111
v -0.104640 0.495344 -0.136923
v -0.832800 0.463774 -0.126467
v -0.784932 0.458135 -0.127513
v -0.747005 0.586015 -0.122189
v -0.792200 0.589365 -0.121293
v -0.723904 0.454033 -0.128703
v -0.690011 0.584476 -0.123194
v -0.674364 0.708571 -0.117680
v -0.728434 0.709728 -0.116741
v -0.771668 0.712626 -0.115899
v -0.961982 0.178266 -0.137626
v -0.909683 0.162412 -0.139220
v -0.839580 0.319702 -0.133055
v -0.889669 0.329869 -0.131762
v -0.841303 0.145338 -0.141133
v -0.774633 0.310113 -0.134564
v -0.699089 0.125460 -0.144386
v -0.625464 0.118499 -0.145915
v -0.577536 0.307724 -0.137902
v -0.643101 0.305884 -0.136914
v -0.548919 0.113478 -0.147402
v -0.508852 0.311655 -0.138844
v -0.827375 1.106540 -0.096672
v -0.762231 1.103168 -0.097896
v -0.764438 1.129081 -0.096655
v -0.830495 1.132607 -0.095409
v -0.698942 1.106907 -0.098758
v -0.700605 1.134162 -0.097464
v -0.701450 1.142554 -0.097060
v -0.765193 1.137184 -0.096266
v -0.831623 1.140765 -0.095012
v -0.728959 0.828388 -0.111216
v -0.770345 0.829668 -0.110479
v -0.676062 0.827254 -0.112135
v -0.684466 0.916917 -0.107828
v -0.736910 0.915873 -0.107018
v -0.769280 0.901102 -0.107175
v -0.545580 0.833439 -0.113984
v -0.582366 0.830675 -0.113510
v -0.511431 0.836768 -0.114388
v -0.524965 0.919155 -0.110336
v -0.557766 0.917182 -0.109891
v -0.592655 0.916488 -0.109352
v -0.411649 1.153555 -0.101294
v -0.366463 1.129914 -0.103133
v -0.355997 1.158621 -0.101969
v -0.403721 1.187843 -0.099829
v -0.331544 1.111354 -0.104567
v -0.319776 1.136451 -0.103593
v -0.323621 1.147466 -0.103018
v -0.353393 1.167408 -0.101603
v -0.401433 1.197733 -0.099407
v -0.401919 0.864413 -0.114896
v -0.422106 0.858977 -0.114818
v -0.382768 0.868268 -0.115030
v -0.383127 0.973777 -0.110119
v -0.406882 0.974075 -0.109716
v -0.443572 0.973907 -0.109123
v -0.471812 -0.394417 -0.172277
v -0.570314 -0.371377 -0.169594
v -0.611768 -0.576451 -0.178449
v -0.506845 -0.607081 -0.181591
v -0.666299 -0.345907 -0.166838
v -0.713576 -0.543465 -0.175249
v -0.752177 -0.736669 -0.183599
v -0.646338 -0.774068 -0.187071
v -0.537146 -0.808307 -0.190450
v -0.383583 0.121776 -0.149723
v -0.469289 0.112584 -0.148747
v -0.518772 -0.130948 -0.159259
v -0.428953 -0.143001 -0.161290
v -0.606605 -0.117300 -0.157187
v -0.770586 0.133526 -0.142840
v -0.847759 -0.063221 -0.150724
v -0.772735 -0.081915 -0.152821
v -0.920468 -0.041867 -0.148540
v -0.997971 -0.229610 -0.156000
v -0.923754 -0.259765 -0.158617
v -0.845964 -0.288516 -0.161228
v 0.001749 0.058785 -0.158961
v -0.112966 0.055996 -0.157212
v -0.119822 -0.171156 -0.167661
v 0.005417 -0.171919 -0.169747
v -0.218804 0.051559 -0.155686
v -0.235517 -0.167820 -0.165612
v -1.011952 0.195691 -0.135998
v -1.050673 0.209476 -0.134723
v -1.137522 0.048237 -0.140797
v -1.098209 0.027839 -0.142389
v -1.089337 0.223379 -0.133444
v -1.176790 0.068725 -0.139202
v -0.983640 -0.435257 -0.165796
v -0.902051 -0.470997 -0.168793
v -1.060655 -0.398939 -0.162846
v -1.110084 -0.566130 -0.169810
v -1.031579 -0.608853 -0.173082
v -0.947108 -0.651242 -0.176436
v -0.606223 -1.329103 -0.213533
v -0.721657 -1.294463 -0.210032
v -0.732346 -1.390920 -0.214342
v -0.617229 -1.426759 -0.217893
v -0.834562 -1.250284 -0.206129
v -0.844310 -1.345171 -0.210381
v -0.854103 -1.440032 -0.214631
v -0.743065 -1.487363 -0.218650
v -0.628242 -1.524413 -0.222253
v -1.043432 -1.128656 -0.197055
v -1.125159 -1.065540 -0.192782
v -1.128127 -1.162135 -0.197224
v -1.048977 -1.224511 -0.201420
v -1.195930 -1.000032 -0.188578
v -1.196582 -1.095911 -0.193025
v -1.197251 -1.191772 -0.197470
v -1.131147 -1.258685 -0.201664
v -1.054564 -1.320334 -0.205784
v -1.321855 -0.790985 -0.176797
v -1.372468 -0.690557 -0.171299
v -1.375423 -0.812070 -0.176900
v -1.323091 -0.920595 -0.182802
v -1.409389 -0.615186 -0.167190
v -1.412290 -0.726823 -0.172333
v -1.405098 -0.808962 -0.176270
v -1.374104 -0.897532 -0.180895
v -1.321622 -1.012691 -0.187108
v 0.000119 -1.402047 -0.226852
v -0.181279 -1.398349 -0.223710
v -0.186775 -1.492542 -0.227999
v -0.001473 -1.496501 -0.231217
v -0.346226 -1.383319 -0.220310
v -0.355399 -1.478290 -0.224576
v -0.364538 -1.573263 -0.228842
v -0.192250 -1.586737 -0.232289
v -0.003068 -1.590957 -0.235583
v 1.173513 -0.133780 -0.187100
v 1.238368 -0.313013 -0.196495
v 1.277339 -0.282430 -0.195711
v 1.212558 -0.105507 -0.186425
v 1.285421 -0.487321 -0.205369
v 1.323656 -0.453830 -0.204438
v 1.361885 -0.420279 -0.203504
v 1.316306 -0.251831 -0.194926
v 1.251578 -0.077179 -0.185746
v 0.589368 0.983698 -0.125581
v 0.581865 1.024334 -0.123569
v 0.542602 1.031371 -0.122599
v 0.545811 0.985393 -0.124789
v 0.574957 1.064890 -0.121570
v 0.539998 1.077305 -0.120420
v 0.505547 1.084808 -0.119508
v 0.504409 1.034483 -0.121829
v 0.503904 0.984215 -0.124157
v 0.598972 0.474784 -0.149399
v 0.576784 0.604328 -0.143013
v 0.532067 0.609987 -0.142017
v 0.551977 0.478912 -0.148438
v 0.570783 0.719938 -0.137539
v 0.524441 0.724900 -0.136550
v 0.480073 0.729056 -0.135630
v 0.483993 0.615487 -0.140975
v 0.497388 0.483576 -0.147327
v 0.164573 -0.687316 -0.196315
v 0.150872 -0.448059 -0.184967
v 0.173389 -0.900369 -0.206365
v 0.328829 -0.886716 -0.208275
v 0.310247 -0.674722 -0.198115
v 0.283946 -0.438523 -0.186703
v 0.325403 0.504034 -0.143560
v 0.348529 0.631820 -0.137997
v 0.317352 0.640747 -0.137072
v 0.281464 0.517706 -0.142205
v 0.379789 0.737610 -0.133591
v 0.358063 0.739403 -0.133152
v 0.336482 0.741480 -0.132702
v 0.284173 0.652217 -0.135995
v 0.208147 0.538565 -0.140034
v 0.322504 0.250082 -0.155319
v 0.323559 0.352716 -0.150565
v 0.275240 0.360208 -0.149425
v 0.282956 0.229213 -0.155642
v 0.199452 0.367498 -0.147845
v 0.205672 0.230233 -0.154329
v 0.102608 0.363772 -0.146433
v 0.107180 0.235626 -0.152466
v 0.098461 0.494559 -0.140285
v 0.820107 0.477297 -0.152903
v 0.783331 0.599070 -0.146639
v 0.733203 0.596628 -0.145932
v 0.765372 0.472903 -0.152211
v 0.769041 0.715982 -0.140970
v 0.724091 0.713417 -0.140353
v 0.669114 0.712572 -0.139492
v 0.673606 0.595976 -0.144986
v 0.700719 0.470034 -0.151286
v 0.957789 0.185113 -0.168741
v 0.880310 0.340032 -0.160270
v 0.825468 0.330534 -0.159814
v 0.905278 0.167836 -0.168685
v 0.758016 0.321556 -0.159127
v 0.836846 0.148875 -0.168446
v 0.697860 0.125950 -0.167236
v 0.638851 0.316529 -0.157409
v 0.581635 0.316512 -0.156473
v 0.629295 0.118639 -0.166453
v 0.517897 0.317818 -0.155369
v 0.556958 0.113506 -0.165508
v 0.807865 0.957289 -0.130386
v 0.808877 1.033309 -0.126869
v 0.739184 1.023394 -0.126188
v 0.746232 0.983570 -0.128155
v 0.807015 1.080704 -0.124635
v 0.730702 1.060892 -0.124306
v 0.662580 1.049287 -0.123730
v 0.674133 1.015885 -0.125473
v 0.685554 0.982500 -0.127212
v 0.770723 0.830072 -0.135693
v 0.729123 0.828847 -0.135069
v 0.770172 0.901093 -0.132382
v 0.737825 0.915871 -0.131165
v 0.685383 0.916917 -0.130258
v 0.676111 0.827754 -0.134252
v 0.577798 0.831296 -0.132477
v 0.531237 0.833929 -0.131592
v 0.588024 0.916536 -0.128681
v 0.542205 0.916788 -0.127919
v 0.499445 0.915093 -0.127298
v 0.488380 0.835127 -0.130835
v 0.425450 0.937882 -0.125027
v 0.433415 1.020805 -0.121302
v 0.404236 1.011349 -0.121264
v 0.396408 0.927024 -0.125057
v 0.437891 1.079683 -0.118638
v 0.408131 1.071689 -0.118522
v 0.389655 1.056250 -0.118938
v 0.383227 1.004359 -0.121245
v 0.376221 0.919976 -0.125053
v 0.402419 0.837671 -0.129309
v 0.383065 0.834187 -0.129154
v 0.364313 0.830180 -0.129034
v 0.501440 -0.407473 -0.188820
v 0.547028 -0.633775 -0.200088
v 0.654979 -0.607704 -0.200644
v 0.602050 -0.387268 -0.189528
v 0.580407 -0.840875 -0.210263
v 0.693649 -0.811259 -0.210740
v 0.795807 -0.778708 -0.210900
v 0.753122 -0.579490 -0.200939
v 0.695075 -0.365124 -0.190022
v 0.388647 0.121156 -0.162396
v 0.445103 -0.147505 -0.175812
v 0.536364 -0.136698 -0.176803
v 0.477489 0.112155 -0.164269
v 0.622556 -0.124655 -0.177655
v 0.773850 -0.092583 -0.178641
v 0.849280 -0.070909 -0.178868
v 0.766762 0.135243 -0.167932
v 0.850390 -0.313919 -0.190184
v 0.928277 -0.280164 -0.189890
v 1.005411 -0.240770 -0.189322
v 0.924146 -0.043863 -0.178836
v 0.132686 -0.171529 -0.171813
v 0.117119 0.055967 -0.160981
v 0.251318 -0.169054 -0.173640
v 0.223889 0.051325 -0.162945
v 1.007993 0.202295 -0.168765
v 1.093116 0.040093 -0.177700
v 1.132772 0.061610 -0.177349
v 1.046936 0.214233 -0.168847
v 1.172371 0.083239 -0.176991
v 1.085798 0.226327 -0.168921
v 0.911565 -0.515335 -0.200550
v 0.990419 -0.473938 -0.199917
v 0.957812 -0.704575 -0.210106
v 1.035743 -0.659204 -0.209272
v 1.113010 -0.609523 -0.208228
v 1.068607 -0.427739 -0.199049
v 0.625505 -1.321714 -0.233357
v 0.628449 -1.416860 -0.237829
v 0.752022 -1.376524 -0.237977
v 0.748383 -1.283146 -0.233576
v 0.631427 -1.511993 -0.242301
v 0.755708 -1.469884 -0.242378
v 0.867537 -1.421295 -0.241950
v 0.863650 -1.329625 -0.237624
v 0.859814 -1.237927 -0.233298
v 1.030349 -1.138797 -0.231482
v 1.031344 -1.229744 -0.235726
v 1.097072 -1.181483 -0.234559
v 1.098907 -1.089918 -0.230331
v 1.032394 -1.320652 -0.239970
v 1.095280 -1.273015 -0.238785
v 1.154902 -1.220061 -0.237299
v 1.160560 -1.126660 -0.233049
v 1.166199 -1.033285 -0.228800
v 1.305095 -0.828657 -0.221561
v 1.291317 -0.971158 -0.227961
v 1.344189 -0.886111 -0.224872
v 1.354794 -0.751280 -0.218777
v 1.278024 -1.074110 -0.232529
v 1.331569 -0.984977 -0.229262
v 1.364836 -0.912262 -0.226426
v 1.380539 -0.822414 -0.222506
v 1.390347 -0.695916 -0.216785
v 0.183939 -1.488730 -0.233892
v 0.183258 -1.393387 -0.229448
v 0.184609 -1.584074 -0.238336
v 0.355905 -1.567891 -0.240388
v 0.354196 -1.471767 -0.235891
v 0.352484 -1.375644 -0.231394
v -0.484915 -1.359236 -0.216920
v -0.495728 -1.455941 -0.221239
v -0.506518 -1.552649 -0.225558
v -0.308915 0.057512 -0.153934
v -0.337045 -0.158987 -0.163538
v -0.369315 -0.415420 -0.174932
v -0.397726 -0.635893 -0.184717
v -0.423709 -0.840888 -0.193823
v -0.456578 0.732595 -0.120130
v -0.477266 0.840469 -0.114775
v -0.425014 0.737543 -0.120416
v -0.450194 0.843256 -0.115089
v -0.466770 0.907746 -0.111819
v -0.491154 0.919842 -0.110858
v -0.459285 1.172621 -0.099627
v -0.453286 1.211938 -0.097897
v -0.451965 1.223248 -0.097393
v -0.437175 0.318156 -0.139715
v -0.377902 0.327481 -0.140253
v -0.373507 0.492142 -0.132669
v -0.424959 0.484036 -0.132203
v -0.434967 0.617038 -0.125856
v -0.393629 0.623783 -0.126219
v -0.944422 -1.192649 -0.201651
v -0.952363 -1.287529 -0.205932
v -0.960348 -1.382382 -0.210211
v -0.759354 -0.317707 -0.164003
v -0.811364 -0.507655 -0.171983
v -0.853357 -0.694782 -0.179995
v -0.691921 -0.100346 -0.155001
v -0.622381 0.711074 -0.118415
v -0.625877 0.828169 -0.112914
v -0.634678 0.916145 -0.108680
v -0.708422 0.305939 -0.135842
v -0.663383 0.454770 -0.129660
v -0.634483 0.587225 -0.123975
v -0.643889 1.123110 -0.098906
v -0.644857 1.153864 -0.097461
v -0.645779 1.163017 -0.097020
v -1.262402 -0.922011 -0.183862
v -1.262031 -1.018011 -0.188331
v -1.260998 -1.111773 -0.192707
v -0.991654 -0.016728 -0.146206
v -1.046607 0.004622 -0.144314
v -1.128217 -0.171818 -0.151181
v -1.071257 -0.197558 -0.153310
v -0.871295 0.719076 -0.113967
v -0.842384 0.718109 -0.114486
v -0.846520 0.842484 -0.108636
v -0.877892 0.842072 -0.108141
v -0.813430 0.716786 -0.115021
v -0.813781 0.841588 -0.109213
v -0.810177 0.961104 -0.103716
v -0.861159 0.958549 -0.103000
v -0.896918 0.958091 -0.102436
v -0.929000 1.114444 -0.094641
v -0.885927 1.110472 -0.095531
v -0.890286 1.137208 -0.094217
v -0.933395 1.141938 -0.093291
v -0.891432 1.145331 -0.093820
v -0.927016 1.148222 -0.093103
v -0.970487 0.351726 -0.129422
v -1.004526 0.361309 -0.128419
v -0.936397 0.342266 -0.130420
v -0.876230 0.472037 -0.125372
v -0.905340 0.478473 -0.124596
v -0.934417 0.485005 -0.123816
v -0.861637 0.598007 -0.119754
v -0.889322 0.601508 -0.119138
v -0.833933 0.594501 -0.120371
v -1.135083 -0.361953 -0.159908
v -1.192230 -0.333092 -0.157630
v -1.239228 -0.489954 -0.164154
v -1.183674 -0.523075 -0.166603
v -1.219751 -0.688862 -0.173720
v -1.149969 -0.742123 -0.177339
v -1.270473 -0.647398 -0.170962
v -1.278564 -0.754845 -0.175825
v -1.242600 -0.816010 -0.179258
v -1.177898 -0.881298 -0.183352
v -0.892713 -0.897780 -0.188788
v -0.787624 -0.946534 -0.192776
v -0.989227 -0.845336 -0.184770
v -1.021598 -1.000925 -0.191473
v -0.922924 -1.061234 -0.195893
v -0.814383 -1.115776 -0.200206
v -0.449191 -1.054499 -0.203337
v -0.317913 -1.082785 -0.206801
v -0.566178 -1.021833 -0.199903
v -0.588428 -1.192410 -0.207469
v -0.468832 -1.223719 -0.210883
v -0.333367 -1.249816 -0.214314
v 0.004804 -1.111970 -0.213442
v 0.178571 -1.107019 -0.216057
v 0.002162 -1.272300 -0.220853
v 0.181276 -1.264627 -0.223429
v 0.347732 -1.247447 -0.225356
v 0.340878 -1.091642 -0.218000
v 1.312541 -0.650399 -0.213395
v 1.349599 -0.607342 -0.212000
v 1.385626 -0.564805 -0.210612
v 0.992671 -0.886415 -0.219131
v 1.067323 -0.838970 -0.218147
v 1.015745 -1.023309 -0.225873
v 1.087021 -0.974838 -0.224787
v 1.157358 -0.919198 -0.223351
v 1.141164 -0.786062 -0.216896
v 0.602999 -1.042175 -0.219992
v 0.720533 -1.009000 -0.220374
v 0.616383 -1.195391 -0.227334
v 0.736983 -1.159281 -0.227630
v 0.846283 -1.117250 -0.227466
v 0.826647 -0.971373 -0.220362
v -0.164433 -1.103147 -0.210261
v -0.173686 -1.266931 -0.217724
v -1.357511 -0.551463 -0.165077
v -1.320166 -0.609776 -0.168399
v -1.393739 -0.493851 -0.161805
v -1.073699 -0.794052 -0.181002
v -1.104865 -0.941689 -0.187356
v -0.678418 -0.986948 -0.196443
v -0.702675 -1.158107 -0.204003
v 0.479619 -1.069780 -0.219255
v 0.461866 -0.866360 -0.209507
v 0.489907 -1.224486 -0.226616
v 0.499229 -1.448203 -0.237170
v 0.496893 -1.352093 -0.232663
v 0.501580 -1.544311 -0.241677
v 0.353280 -0.161823 -0.174973
v 0.314076 0.056855 -0.164165
v 0.398262 -0.424734 -0.187933
v 0.435108 -0.656408 -0.199308
v 0.452931 0.833684 -0.130322
v 0.440355 0.731869 -0.134849
v 0.463456 0.907893 -0.127044
v 0.441180 0.890926 -0.127468
v 0.428347 0.831369 -0.130027
v 0.410767 0.733886 -0.134271
v 0.467680 1.030695 -0.121403
v 0.464793 0.975116 -0.123940
v 0.471194 1.084596 -0.118955
v 0.445675 0.321402 -0.154020
v 0.433037 0.488945 -0.146024
v 0.378475 0.493723 -0.144908
v 0.383464 0.328473 -0.152673
v 0.432456 0.620560 -0.139895
v 0.390367 0.624503 -0.139022
v 1.211306 -0.728589 -0.215373
v 1.183579 -0.560073 -0.207084
v 1.225702 -0.851260 -0.221312
v 1.266157 -0.787433 -0.219007
v 1.262920 -0.683073 -0.214102
v 1.235561 -0.522713 -0.206198
v 1.227193 -1.056387 -0.230873
v 1.237023 -0.956318 -0.226382
v 1.216898 -1.153989 -0.235242
v 0.992863 -0.012335 -0.178496
v 1.074465 -0.199004 -0.188510
v 1.124558 -0.166013 -0.187797
v 1.043583 0.013980 -0.178103
v 0.865284 0.716872 -0.142504
v 0.874449 0.842071 -0.136834
v 0.844464 0.842375 -0.136328
v 0.838095 0.718027 -0.142005
v 0.896002 0.958252 -0.131785
v 0.859334 0.956524 -0.131265
v 0.813244 0.841522 -0.135857
v 0.810866 0.718827 -0.141522
v 0.912742 1.049568 -0.127813
v 0.870085 1.042957 -0.127422
v 0.913168 1.096453 -0.125640
v 0.875305 1.096988 -0.124996
v 1.000539 0.354484 -0.161567
v 0.965395 0.351527 -0.161129
v 0.929092 0.474737 -0.154806
v 0.898568 0.477425 -0.154181
v 0.867996 0.480252 -0.153549
v 0.930176 0.348742 -0.160682
v 0.882892 0.594349 -0.148489
v 0.855304 0.597363 -0.147897
v 0.827693 0.600395 -0.147304
v 1.138458 -0.381694 -0.198052
v 1.189065 -0.346717 -0.197254
v 0.915176 -0.930424 -0.219908
v 0.880985 -0.743819 -0.210672
v 0.937762 -1.071078 -0.226817
v 0.955660 -1.279529 -0.236802
v 0.952724 -1.188599 -0.232526
v 0.958652 -1.370426 -0.241076
v 0.835633 -0.549667 -0.200903
v 0.775310 -0.341462 -0.190235
v 0.700023 -0.110143 -0.178248
v 0.625466 0.828699 -0.133378
v 0.618078 0.715195 -0.138534
v 0.634901 0.916151 -0.129467
v 0.695917 0.317420 -0.158302
v 0.645988 0.471162 -0.150337
v 0.622004 0.599020 -0.144000
v 0.623345 1.017273 -0.124576
v 0.634271 0.981833 -0.126403
v 0.612822 1.052688 -0.122757
v -1.180751 -0.141792 -0.181080
v -1.244518 -0.298312 -0.187313
v -1.281836 -0.264559 -0.185133
v -1.218686 -0.114251 -0.179178
v -1.290017 -0.445365 -0.193405
v -1.327110 -0.403866 -0.190868
v -1.364324 -0.363192 -0.188368
v -1.319151 -0.230864 -0.182955
v -1.256591 -0.086648 -0.177275
v -0.595732 1.147782 -0.130703
v -0.595760 1.183220 -0.129056
v -0.548515 1.209171 -0.128623
v -0.549949 1.169367 -0.130450
v -0.596582 1.193483 -0.128565
v -0.548949 1.220630 -0.128083
v -0.500055 1.233289 -0.128295
v -0.500157 1.221119 -0.128859
v -0.503786 1.179243 -0.130746
v -0.605947 0.460841 -0.162474
v -0.583581 0.594621 -0.156620
v -0.535379 0.601981 -0.157067
v -0.549039 0.467532 -0.163095
v -0.576398 0.717388 -0.151030
v -0.535432 0.722936 -0.151443
v -0.494133 0.730395 -0.151772
v -0.486168 0.609544 -0.157521
v -0.489095 0.475949 -0.163685
v 0.008263 -0.449561 -0.214858
v 0.008933 -0.688831 -0.225993
v -0.141095 -0.679220 -0.223089
v -0.130092 -0.444143 -0.212340
v 0.007231 -0.901713 -0.235862
v -0.152942 -0.890538 -0.232720
v -0.298349 -0.868347 -0.229308
v -0.278108 -0.659779 -0.219942
v -0.257392 -0.431594 -0.209672
v -0.324260 0.507254 -0.164928
v -0.356221 0.637609 -0.158345
v -0.326014 0.648478 -0.158334
v -0.282752 0.521440 -0.164948
v -0.409782 0.749668 -0.152257
v -0.376748 0.755841 -0.152511
v -0.353768 0.760883 -0.152653
v -0.294265 0.660388 -0.158300
v -0.212432 0.542234 -0.165133
v -0.321332 0.251667 -0.176859
v -0.321035 0.354572 -0.172080
v -0.274521 0.362331 -0.172481
v -0.282895 0.230860 -0.178456
v -0.201176 0.369711 -0.173338
v -0.206640 0.231923 -0.179655
v -0.106812 0.365690 -0.175070
v -0.109059 0.237252 -0.181005
v -0.105169 0.496848 -0.168999
v -0.004539 0.485188 -0.171189
v -0.002976 0.362335 -0.176927
v -0.001412 0.239452 -0.182665
v -0.833326 0.465265 -0.158545
v -0.792725 0.590857 -0.153371
v -0.747531 0.587507 -0.154267
v -0.785457 0.459627 -0.159591
v -0.772194 0.714118 -0.147976
v -0.728960 0.711219 -0.148819
v -0.674889 0.710063 -0.149758
v -0.690536 0.585967 -0.155272
v -0.724429 0.455524 -0.160781
v -0.962507 0.179757 -0.169704
v -0.890195 0.331361 -0.163840
v -0.840105 0.321193 -0.165133
v -0.910208 0.163903 -0.171297
v -0.775158 0.311604 -0.166642
v -0.841829 0.146829 -0.173211
v -0.699614 0.126951 -0.176464
v -0.643627 0.307375 -0.168992
v -0.578061 0.309215 -0.169980
v -0.625990 0.119990 -0.177993
v -0.509378 0.313146 -0.170922
v -0.549444 0.114969 -0.179479
v -0.827901 1.108032 -0.128750
v -0.831021 1.134099 -0.127487
v -0.764964 1.130573 -0.128733
v -0.762757 1.104659 -0.129974
v -0.832149 1.142256 -0.127090
v -0.765719 1.138675 -0.128344
v -0.701975 1.144046 -0.129138
v -0.701131 1.135653 -0.129542
v -0.699468 1.108398 -0.130836
v -0.770871 0.831159 -0.142556
v -0.729484 0.829880 -0.143294
v -0.769806 0.902593 -0.139253
v -0.737435 0.917364 -0.139096
v -0.684992 0.918409 -0.139906
v -0.676587 0.828746 -0.144212
v -0.582849 0.832166 -0.145588
v -0.547058 0.834412 -0.146070
v -0.592841 0.917975 -0.141435
v -0.558748 0.915410 -0.142113
v -0.537108 0.901092 -0.143133
v -0.521395 0.837251 -0.146358
v -0.406594 1.151443 -0.133630
v -0.396611 1.187219 -0.132103
v -0.349595 1.162222 -0.134020
v -0.362119 1.132092 -0.135258
v -0.394055 1.198947 -0.131366
v -0.346296 1.170471 -0.133380
v -0.311727 1.150017 -0.134887
v -0.314765 1.143191 -0.135472
v -0.328858 1.117640 -0.136475
v -0.436074 0.861037 -0.146649
v -0.406548 0.864948 -0.146951
v -0.442511 0.969604 -0.141496
v -0.409674 0.971785 -0.141932
v -0.384251 0.974858 -0.142206
v -0.384335 0.869524 -0.147102
v -0.472338 -0.392926 -0.204355
v -0.507371 -0.605590 -0.213669
v -0.612294 -0.574960 -0.210527
v -0.570840 -0.369885 -0.201671
v -0.537671 -0.806815 -0.222528
v -0.646864 -0.772576 -0.219149
v -0.752702 -0.735177 -0.215677
v -0.714101 -0.541974 -0.207326
v -0.666825 -0.344416 -0.198915
v -0.384109 0.123268 -0.181801
v -0.429479 -0.141509 -0.193368
v -0.519298 -0.129457 -0.191337
v -0.469815 0.114075 -0.180825
v -0.607130 -0.115809 -0.189264
v -0.773261 -0.080423 -0.184899
v -0.848285 -0.061729 -0.182801
v -0.771111 0.135017 -0.174918
v -0.846490 -0.287024 -0.193305
v -0.924280 -0.258274 -0.190695
v -0.998496 -0.228118 -0.188078
v -0.920994 -0.040375 -0.180618
v 0.001224 0.060277 -0.191039
v 0.004892 -0.170428 -0.201825
v -0.120347 -0.169665 -0.199739
v -0.113492 0.057487 -0.189290
v -0.236042 -0.166328 -0.197689
v -0.219329 0.053050 -0.187763
v -1.012477 0.197182 -0.168076
v -1.098734 0.029331 -0.174467
v -1.138048 0.049729 -0.172875
v -1.051198 0.210968 -0.166801
v -1.177316 0.070216 -0.171280
v -1.089863 0.224870 -0.165521
v -0.902577 -0.469505 -0.200871
v -0.984165 -0.433766 -0.197874
v -0.947633 -0.649751 -0.208513
v -1.032105 -0.607362 -0.205160
v -1.110609 -0.564639 -0.201888
v -1.061180 -0.397448 -0.194924
v -0.606749 -1.327612 -0.245610
v -0.617755 -1.425268 -0.249970
v -0.732872 -1.389429 -0.246419
v -0.722183 -1.292972 -0.242110
v -0.628767 -1.522921 -0.254330
v -0.743591 -1.485871 -0.250728
v -0.854628 -1.438541 -0.246709
v -0.844836 -1.343679 -0.242459
v -0.835088 -1.248793 -0.238207
v -1.043957 -1.127165 -0.229132
v -1.049502 -1.223020 -0.233498
v -1.128386 -1.160943 -0.229320
v -1.125329 -1.064441 -0.224884
v -1.055089 -1.318843 -0.237862
v -1.131564 -1.257320 -0.233749
v -1.196903 -1.191295 -0.229610
v -1.194974 -1.096809 -0.225248
v -1.193621 -1.001682 -0.220848
v -1.317097 -0.787802 -0.208882
v -1.340518 -0.903354 -0.213844
v -1.383733 -0.813282 -0.208892
v -1.381357 -0.721572 -0.204724
v -1.328322 -1.032639 -0.219820
v -1.382828 -0.899875 -0.212633
v -1.413867 -0.809112 -0.207744
v -1.421831 -0.725954 -0.203908
v -1.423700 -0.605009 -0.198377
v -0.000406 -1.400555 -0.258930
v -0.001999 -1.495010 -0.263295
v -0.187300 -1.491051 -0.260077
v -0.181804 -1.396858 -0.255788
v -0.003593 -1.589465 -0.267660
v -0.192775 -1.585246 -0.264367
v -0.365063 -1.571772 -0.260919
v -0.355925 -1.476798 -0.256653
v -0.346751 -1.381828 -0.252388
v 1.172988 -0.132288 -0.219178
v 1.212033 -0.104016 -0.218503
v 1.276814 -0.280939 -0.227789
v 1.237842 -0.311522 -0.228573
v 1.251052 -0.075688 -0.217824
v 1.315781 -0.250340 -0.227004
v 1.361359 -0.418787 -0.235582
v 1.323131 -0.452339 -0.236516
v 1.284896 -0.485830 -0.237447
v 0.588842 0.985189 -0.157659
v 0.545286 0.986885 -0.156867
v 0.542077 1.032862 -0.154676
v 0.581340 1.025825 -0.155647
v 0.503379 0.985706 -0.156235
v 0.503883 1.035975 -0.153907
v 0.505022 1.086300 -0.151585
v 0.539473 1.078796 -0.152498
v 0.574432 1.066381 -0.153648
v 0.598447 0.476276 -0.181477
v 0.551452 0.480404 -0.180515
v 0.531542 0.611478 -0.174095
v 0.576258 0.605819 -0.175091
v 0.496862 0.485068 -0.179404
v 0.483468 0.616978 -0.173052
v 0.479548 0.730547 -0.167708
v 0.523916 0.726391 -0.168628
v 0.570258 0.721429 -0.169617
v 0.150347 -0.446568 -0.217045
v 0.164048 -0.685824 -0.228393
v 0.283421 -0.437032 -0.218781
v 0.309721 -0.673230 -0.230192
v 0.328304 -0.885225 -0.240353
v 0.172864 -0.898877 -0.238443
v 0.324878 0.505525 -0.175637
v 0.280939 0.519197 -0.174282
v 0.316827 0.642238 -0.169149
v 0.348004 0.633312 -0.170075
v 0.207622 0.540057 -0.172112
v 0.283647 0.653708 -0.168073
v 0.335956 0.742972 -0.164779
v 0.357538 0.740895 -0.165229
v 0.379264 0.739101 -0.165668
v 0.321979 0.251573 -0.187397
v 0.282431 0.230705 -0.187720
v 0.274714 0.361699 -0.181503
v 0.323034 0.354207 -0.182642
v 0.205146 0.231724 -0.186407
v 0.198927 0.368990 -0.179923
v 0.106655 0.237118 -0.184543
v 0.102082 0.365263 -0.178511
v 0.097936 0.496051 -0.172362
v 0.819582 0.478788 -0.184981
v 0.764847 0.474395 -0.184289
v 0.732677 0.598120 -0.178010
v 0.782805 0.600561 -0.178717
v 0.700194 0.471525 -0.183363
v 0.673080 0.597468 -0.177064
v 0.668589 0.714063 -0.171570
v 0.723566 0.714908 -0.172431
v 0.768516 0.717474 -0.173047
v 0.957264 0.186604 -0.200819
v 0.904752 0.169328 -0.200763
v 0.824943 0.332026 -0.191892
v 0.879785 0.341523 -0.192348
v 0.836321 0.150366 -0.200524
v 0.757491 0.323048 -0.191205
v 0.697334 0.127441 -0.199314
v 0.628770 0.120131 -0.198531
v 0.581109 0.318003 -0.188551
v 0.638326 0.318020 -0.189487
v 0.556433 0.114998 -0.197585
v 0.517372 0.319309 -0.187447
v 0.807339 0.958780 -0.162464
v 0.745707 0.985061 -0.160233
v 0.738659 1.024886 -0.158266
v 0.808352 1.034800 -0.158946
v 0.685029 0.983991 -0.159289
v 0.673608 1.017376 -0.157550
v 0.662055 1.050779 -0.155808
v 0.730177 1.062384 -0.156384
v 0.806490 1.082196 -0.156712
v 0.728597 0.830338 -0.167146
v 0.770198 0.831563 -0.167771
v 0.675586 0.829246 -0.166329
v 0.684857 0.918409 -0.162336
v 0.737299 0.917363 -0.163243
v 0.769647 0.902584 -0.164460
v 0.530712 0.835421 -0.163670
v 0.577273 0.832787 -0.164555
v 0.487855 0.836618 -0.162913
v 0.498920 0.916584 -0.159376
v 0.541679 0.918279 -0.159997
v 0.587499 0.918027 -0.160759
v 0.424925 0.939374 -0.157105
v 0.395882 0.928516 -0.157134
v 0.403711 1.012841 -0.153342
v 0.432890 1.022296 -0.153380
v 0.375695 0.921468 -0.157131
v 0.382702 1.005851 -0.153323
v 0.389130 1.057742 -0.151016
v 0.407606 1.073180 -0.150600
v 0.437366 1.081174 -0.150716
v 0.382540 0.835678 -0.161232
v 0.401894 0.839162 -0.161387
v 0.363788 0.831671 -0.161111
v 0.500915 -0.405981 -0.220898
v 0.601525 -0.385777 -0.221606
v 0.654454 -0.606213 -0.232721
v 0.546502 -0.632284 -0.232166
v 0.694550 -0.363633 -0.222100
v 0.752597 -0.577998 -0.233016
v 0.795282 -0.777217 -0.242978
v 0.693124 -0.809768 -0.242818
v 0.579882 -0.839384 -0.242341
v 0.388121 0.122647 -0.194474
v 0.476963 0.113647 -0.196347
v 0.535839 -0.135206 -0.208881
v 0.444578 -0.146014 -0.207889
v 0.622031 -0.123164 -0.209732
v 0.766237 0.136734 -0.200010
v 0.848754 -0.069418 -0.210946
v 0.773324 -0.091091 -0.210718
v 0.923621 -0.042372 -0.210914
v 1.004886 -0.239278 -0.221399
v 0.927752 -0.278673 -0.221968
v 0.849865 -0.312428 -0.222262
v 0.116594 0.057458 -0.193059
v 0.132160 -0.170038 -0.203891
v 0.223364 0.052817 -0.195023
v 0.250793 -0.167562 -0.205718
v 1.007467 0.203787 -0.200842
v 1.046411 0.215724 -0.200925
v 1.132247 0.063101 -0.209426
v 1.092590 0.041584 -0.209777
v 1.085273 0.227818 -0.200999
v 1.171845 0.084730 -0.209069
v 0.989894 -0.472447 -0.231995
v 0.911040 -0.513844 -0.232628
v 1.068081 -0.426248 -0.231127
v 1.112485 -0.608031 -0.240305
v 1.035217 -0.657712 -0.241350
v 0.957287 -0.703083 -0.242183
v 0.625281 -1.320104 -0.265434
v 0.748692 -1.281341 -0.265653
v 0.754102 -1.374440 -0.270069
v 0.628791 -1.415027 -0.269905
v 0.860229 -1.236176 -0.265379
v 0.866693 -1.328600 -0.269779
v 0.878620 -1.430593 -0.274675
v 0.758873 -1.468722 -0.274525
v 0.632109 -1.510028 -0.274376
v 1.029056 -1.138043 -0.263581
v 1.097651 -1.089028 -0.262425
v 1.094454 -1.181713 -0.266682
v 1.028685 -1.230324 -0.267865
v 1.165406 -1.032008 -0.260884
v 1.159266 -1.125784 -0.265143
v 1.153307 -1.219426 -0.269399
v 1.091905 -1.273877 -0.270925
v 1.029386 -1.321714 -0.272126
v 1.304570 -0.827166 -0.253639
v 1.354269 -0.749789 -0.250855
v 1.343664 -0.884620 -0.256950
v 1.290792 -0.969667 -0.260038
v 1.389822 -0.694425 -0.248863
v 1.380013 -0.820923 -0.254584
v 1.364311 -0.910770 -0.258504
v 1.331043 -0.983486 -0.261340
v 1.277498 -1.072618 -0.264607
v 0.182733 -1.391896 -0.261526
v 0.183414 -1.487239 -0.265970
v 0.351959 -1.374153 -0.263472
v 0.353671 -1.470276 -0.267969
v 0.355380 -1.566400 -0.272466
v 0.184084 -1.582583 -0.270413
v -0.496253 -1.454450 -0.253317
v -0.485441 -1.357745 -0.248998
v -0.507043 -1.551157 -0.257636
v -0.337570 -0.157496 -0.195616
v -0.309440 0.059003 -0.186011
v -0.369840 -0.413928 -0.207010
v -0.398252 -0.634401 -0.216795
v -0.424234 -0.839397 -0.225900
v -0.478268 0.797872 -0.148895
v -0.494453 0.860374 -0.145724
v -0.468391 0.861713 -0.146089
v -0.454471 0.781484 -0.150047
v -0.517702 0.968938 -0.140296
v -0.477883 0.970293 -0.140885
v -0.448534 1.210808 -0.130179
v -0.455212 1.170610 -0.131943
v -0.448093 1.222988 -0.129597
v -0.437702 0.319652 -0.171793
v -0.425496 0.485566 -0.164279
v -0.374125 0.493944 -0.164731
v -0.378438 0.329011 -0.172328
v -0.434582 0.614379 -0.158141
v -0.448842 0.699517 -0.153950
v -0.417785 0.684591 -0.155152
v -0.393569 0.619162 -0.158591
v -0.952888 -1.286037 -0.238010
v -0.944947 -1.191158 -0.233729
v -0.960873 -1.380891 -0.242289
v -0.811889 -0.506164 -0.204060
v -0.759879 -0.316216 -0.196081
v -0.853882 -0.693290 -0.212073
v -0.692446 -0.098855 -0.187079
v -0.626398 0.829660 -0.144992
v -0.622907 0.712565 -0.150493
v -0.635161 0.917636 -0.140758
v -0.708947 0.307431 -0.167920
v -0.663908 0.456261 -0.161738
v -0.635008 0.588717 -0.156053
v -0.645370 1.155355 -0.129539
v -0.644364 1.124601 -0.130985
v -0.646303 1.164508 -0.129098
v -1.253683 -1.030436 -0.221201
v -1.252084 -0.943656 -0.217193
v -1.255444 -1.117186 -0.225206
v -1.290436 -1.054099 -0.221700
v -1.294858 -0.980040 -0.218184
v -1.287005 -0.921452 -0.215589
v -0.992180 -0.015237 -0.178284
v -1.071783 -0.196066 -0.185388
v -1.128742 -0.170327 -0.183258
v -1.047132 0.006113 -0.176392
v -0.871821 0.720567 -0.146045
v -0.878418 0.843563 -0.140219
v -0.847045 0.843975 -0.140713
v -0.842910 0.719600 -0.146564
v -0.897443 0.959582 -0.134513
v -0.861684 0.960041 -0.135077
v -0.810703 0.962595 -0.135793
v -0.814307 0.843079 -0.141291
v -0.813956 0.718277 -0.147099
v -0.929525 1.115936 -0.126719
v -0.933920 1.143430 -0.125369
v -0.890811 1.138700 -0.126294
v -0.886453 1.111964 -0.127609
v -0.927542 1.149714 -0.125181
v -0.891958 1.146823 -0.125898
v -1.005052 0.362800 -0.160497
v -0.971012 0.353217 -0.161500
v -0.934942 0.486496 -0.155894
v -0.905866 0.479964 -0.156674
v -0.876756 0.473528 -0.157450
v -0.936923 0.343758 -0.162498
v -0.889847 0.603000 -0.151216
v -0.862162 0.599498 -0.151832
v -0.834459 0.595992 -0.152449
v -1.135605 -0.360442 -0.191985
v -1.184177 -0.521433 -0.198674
v -1.239571 -0.487256 -0.196178
v -1.192733 -0.331450 -0.189702
v -1.150407 -0.740727 -0.209423
v -1.221019 -0.688211 -0.205825
v -1.177725 -0.880576 -0.215478
v -1.245441 -0.822316 -0.211660
v -1.275245 -0.645469 -0.202950
v -0.788150 -0.945043 -0.224854
v -0.893239 -0.896289 -0.220866
v -0.814909 -1.114285 -0.232284
v -0.923450 -1.059742 -0.227971
v -1.022123 -0.999434 -0.223551
v -0.989753 -0.843845 -0.216848
v -0.318438 -1.081294 -0.238879
v -0.449717 -1.053008 -0.235415
v -0.333892 -1.248324 -0.246392
v -0.469358 -1.222228 -0.242960
v -0.588954 -1.190920 -0.239547
v -0.566704 -1.020342 -0.231980
v 0.178046 -1.105528 -0.248135
v 0.004279 -1.110478 -0.245520
v 0.340353 -1.090151 -0.250078
v 0.347207 -1.245956 -0.257434
v 0.180751 -1.263136 -0.255507
v 0.001637 -1.270809 -0.252931
v 1.349074 -0.605851 -0.244078
v 1.312016 -0.648908 -0.245473
v 1.385101 -0.563313 -0.242690
v 1.066798 -0.837479 -0.250225
v 0.992146 -0.884923 -0.251208
v 1.140639 -0.784571 -0.248974
v 1.156833 -0.917706 -0.255429
v 1.086495 -0.973347 -0.256864
v 1.015220 -1.021818 -0.257951
v 0.720008 -1.007509 -0.252452
v 0.602474 -1.040684 -0.252070
v 0.826121 -0.969881 -0.252440
v 0.845758 -1.115759 -0.259544
v 0.736457 -1.157790 -0.259708
v 0.615857 -1.193899 -0.259412
v -0.164958 -1.101655 -0.242339
v -0.174211 -1.265439 -0.249802
v -1.321431 -0.580237 -0.199161
v -1.356679 -0.532100 -0.196346
v -1.342740 -0.651760 -0.202137
v -1.372671 -0.622963 -0.200309
v -1.398054 -0.566253 -0.197256
v -1.391818 -0.483438 -0.193508
v -1.074214 -0.792573 -0.213081
v -1.105303 -0.940295 -0.219440
v -0.678944 -0.985457 -0.228521
v -0.703200 -1.156616 -0.236081
v 0.461340 -0.864868 -0.241585
v 0.479094 -1.068289 -0.251333
v 0.489382 -1.222995 -0.258694
v 0.496405 -1.350586 -0.264741
v 0.498812 -1.446670 -0.269248
v 0.501206 -1.542760 -0.273754
v 0.313551 0.058346 -0.196242
v 0.352754 -0.160331 -0.207051
v 0.397736 -0.423243 -0.220011
v 0.434583 -0.654917 -0.231385
v 0.439830 0.733361 -0.166927
v 0.452406 0.835176 -0.162399
v 0.410241 0.735378 -0.166349
v 0.427822 0.832860 -0.162104
v 0.440655 0.892417 -0.159545
v 0.462931 0.909384 -0.159122
v 0.464267 0.976608 -0.156018
v 0.467155 1.032186 -0.153481
v 0.470669 1.086088 -0.151033
v 0.445150 0.322893 -0.186098
v 0.382939 0.329965 -0.184750
v 0.377950 0.495214 -0.176986
v 0.432511 0.490436 -0.178101
v 0.431931 0.622051 -0.171973
v 0.389842 0.625994 -0.171100
v 1.183054 -0.558581 -0.239162
v 1.210781 -0.727098 -0.247451
v 1.235036 -0.521222 -0.238276
v 1.262395 -0.681581 -0.246180
v 1.265632 -0.785942 -0.251085
v 1.225177 -0.849769 -0.253390
v 1.236465 -0.954853 -0.258460
v 1.226571 -1.054973 -0.262953
v 1.216239 -1.152605 -0.267323
v 0.992338 -0.010844 -0.210573
v 1.043058 0.015471 -0.210181
v 1.124033 -0.164522 -0.219875
v 1.073940 -0.197513 -0.220588
v 0.864758 0.718363 -0.174582
v 0.837570 0.719518 -0.174083
v 0.843938 0.843867 -0.168406
v 0.873924 0.843562 -0.168911
v 0.810341 0.720318 -0.173600
v 0.812719 0.843013 -0.167934
v 0.858809 0.958015 -0.163342
v 0.895477 0.959744 -0.163862
v 0.869559 1.044449 -0.159500
v 0.912216 1.051060 -0.159891
v 0.874780 1.098480 -0.157073
v 0.912642 1.097944 -0.157718
v 0.964870 0.353019 -0.193207
v 1.000013 0.355975 -0.193645
v 0.929651 0.350233 -0.192760
v 0.867470 0.481743 -0.185627
v 0.898043 0.478917 -0.186259
v 0.928567 0.476229 -0.186884
v 0.854778 0.598854 -0.179975
v 0.882367 0.595840 -0.180567
v 0.827168 0.601887 -0.179382
v 1.137933 -0.380203 -0.230130
v 1.188540 -0.345225 -0.229332
v 0.880460 -0.742328 -0.242750
v 0.914651 -0.928933 -0.251986
v 0.937237 -1.069587 -0.258895
v 0.952297 -1.187382 -0.264618
v 0.955782 -1.279031 -0.268936
v 0.961711 -1.369950 -0.273254
v 0.774785 -0.339971 -0.222313
v 0.835108 -0.548176 -0.232981
v 0.699498 -0.108651 -0.210326
v 0.617553 0.716686 -0.170612
v 0.624941 0.830190 -0.165456
v 0.634375 0.917643 -0.161545
v 0.695391 0.318912 -0.190380
v 0.645462 0.472653 -0.182415
v 0.621478 0.600511 -0.176078
v 0.633746 0.983325 -0.158481
v 0.622820 1.018764 -0.156654
v 0.612297 1.054179 -0.154835
v 1.157294 -1.272062 -0.240119
v 1.158585 -1.273343 -0.241216
v 1.218872 -1.208215 -0.239175
v 1.217464 -1.207062 -0.238082
v 1.158585 -1.273343 -0.241216
v 1.158726 -1.273406 -0.243974
v 1.219030 -1.208260 -0.241933
v 1.218872 -1.208215 -0.239175
v 1.218872 -1.208215 -0.239175
v 1.219030 -1.208260 -0.241933
v 1.279374 -1.128126 -0.239196
v 1.279197 -1.128106 -0.236439
v 1.279197 -1.128106 -0.236439
v 1.277664 -1.127124 -0.235352
v -0.370033 -1.628132 -0.231666
v -0.370280 -1.629935 -0.232762
v -0.195542 -1.643076 -0.236234
v -0.195419 -1.641262 -0.235135
v -0.370280 -1.629935 -0.232762
v -0.370358 -1.630072 -0.235520
v -0.195602 -1.643213 -0.238993
v -0.195542 -1.643076 -0.236234
v -0.003871 -1.647579 -0.242335
v -0.003828 -1.647440 -0.239576
v -0.003828 -1.647440 -0.239576
v -0.003823 -1.645623 -0.238475
v 1.111601 0.236326 -0.169242
v 1.113181 0.237353 -0.170237
v 1.026219 0.360742 -0.163076
v 1.024608 0.359755 -0.162080
v 1.113181 0.237353 -0.170237
v 1.113364 0.237621 -0.172981
v 1.026407 0.361004 -0.165820
v 1.026219 0.360742 -0.163076
v 0.953073 0.477515 -0.159203
v 0.952874 0.477278 -0.156457
v 0.952874 0.477278 -0.156457
v 0.951181 0.476469 -0.155451
v -0.599582 1.201944 -0.096330
v -0.600359 1.203716 -0.097251
v -0.649770 1.174623 -0.097795
v -0.649051 1.172823 -0.096874
v -0.600359 1.203716 -0.097251
v -0.600513 1.204090 -0.099985
v -0.649915 1.175001 -0.100528
v -0.649770 1.174623 -0.097795
v -0.704219 1.154855 -0.100576
v -0.704110 1.154464 -0.097842
v -0.704110 1.154464 -0.097842
v -0.703636 1.152573 -0.096922
v -1.115166 0.234076 -0.132887
v -1.116807 0.235053 -0.133831
v -1.204663 0.083452 -0.139440
v -1.203002 0.082523 -0.138494
v -1.116807 0.235053 -0.133831
v -1.117083 0.235313 -0.136567
v -1.204943 0.083707 -0.142177
v -1.204663 0.083452 -0.139440
v -1.283795 -0.070134 -0.148039
v -1.283508 -0.070373 -0.145301
v -1.283508 -0.070373 -0.145301
v -1.281797 -0.071199 -0.144351
v -0.190958 0.606381 -0.130710
v -0.189983 0.607989 -0.131667
v -0.272090 0.675203 -0.127198
v -0.273473 0.673956 -0.126217
v -0.189983 0.607989 -0.131667
v -0.189886 0.608340 -0.134406
v -0.271935 0.675502 -0.129940
v -0.272090 0.675203 -0.127198
v -0.272090 0.675203 -0.127198
v -0.271935 0.675502 -0.129940
v -0.333761 0.765909 -0.124724
v -0.333957 0.765675 -0.121979
v -0.333957 0.765675 -0.121979
v -0.335629 0.764880 -0.120972
v -1.061880 -1.374161 -0.208530
v -1.063025 -1.375597 -0.209594
v -0.969264 -1.437671 -0.214015
v -0.968267 -1.436131 -0.212944
v -1.063025 -1.375597 -0.209594
v -1.063231 -1.375682 -0.212348
v -0.969448 -1.437770 -0.216770
v -0.969264 -1.437671 -0.214015
v -0.863312 -1.495863 -0.221209
v -0.863150 -1.495752 -0.218453
v -0.863150 -1.495752 -0.218453
v -0.862308 -1.494128 -0.217375
v -0.833568 1.150970 -0.094869
v -0.833971 1.152917 -0.095788
v -0.899162 1.157667 -0.094500
v -0.897998 1.155665 -0.093596
v -0.833971 1.152917 -0.095788
v -0.834070 1.153317 -0.098521
v -0.899370 1.158075 -0.097231
v -0.899162 1.157667 -0.094500
v -0.947308 1.160224 -0.096346
v -0.946980 1.159811 -0.093617
v -0.946980 1.159811 -0.093617
v -0.944983 1.157764 -0.092729
v -0.600904 1.205198 -0.123817
v -0.600840 1.205079 -0.126577
v -0.650250 1.175986 -0.127120
v -0.650305 1.176109 -0.124360
v -0.600840 1.205079 -0.126577
v -0.600095 1.203401 -0.127683
v -0.649564 1.174281 -0.128227
v -0.650250 1.175986 -0.127120
v -0.704149 1.154030 -0.128275
v -0.704590 1.155827 -0.127168
v -0.704590 1.155827 -0.127168
v -0.704609 1.155963 -0.124408
v 0.438186 1.114899 -0.117369
v 0.437747 1.116771 -0.118291
v 0.403777 1.108203 -0.118133
v 0.404832 1.106444 -0.117216
v 0.437747 1.116771 -0.118291
v 0.437641 1.117160 -0.121025
v 0.403584 1.108575 -0.120866
v 0.403777 1.108203 -0.118133
v 0.403777 1.108203 -0.118133
v 0.403584 1.108575 -0.120866
v 0.377454 1.077333 -0.121891
v 0.377726 1.077000 -0.119157
v 0.377726 1.077000 -0.119157
v 0.379328 1.075520 -0.118236
v -0.635805 -1.580392 -0.225095
v -0.636333 -1.582137 -0.226183
v -0.513764 -1.610078 -0.229489
v -0.513381 -1.608297 -0.228396
v -0.636333 -1.582137 -0.226183
v -0.636452 -1.582266 -0.228941
v -0.513861 -1.610211 -0.232247
v -0.513764 -1.610078 -0.229489
v -0.501636 1.243982 -0.095979
v -0.501757 1.245993 -0.096900
v -0.551618 1.231921 -0.096738
v -0.551077 1.230021 -0.095819
v -0.501757 1.245993 -0.096900
v -0.501817 1.246401 -0.099633
v -0.551737 1.232314 -0.099471
v -0.551618 1.231921 -0.096738
v 0.657387 1.073645 -0.122876
v 0.657521 1.075602 -0.123804
v 0.609888 1.079651 -0.122835
v 0.609441 1.077765 -0.121900
v 0.657521 1.075602 -0.123804
v 0.657497 1.076002 -0.126538
v 0.609909 1.080041 -0.125571
v 0.609888 1.079651 -0.122835
v 0.574697 1.094466 -0.124324
v 0.574653 1.094085 -0.121588
v 0.574653 1.094085 -0.121588
v 0.574045 1.092266 -0.120646
v 0.359326 0.919010 -0.125185
v 0.357472 0.919625 -0.126143
v 0.346149 0.831229 -0.130067
v 0.347941 0.830594 -0.129110
v 0.357472 0.919625 -0.126143
v 0.357165 0.919834 -0.128881
v 0.345851 0.831442 -0.132805
v 0.346149 0.831229 -0.130067
v 0.317272 0.747301 -0.136249
v 0.317550 0.747047 -0.133512
v 0.317550 0.747047 -0.133512
v 0.319192 0.746112 -0.132567
v -0.921566 0.958349 -0.102383
v -0.923517 0.958474 -0.103362
v -0.902796 0.841488 -0.109140
v -0.900901 0.841526 -0.108153
v -0.923517 0.958474 -0.103362
v -0.923839 0.958613 -0.106103
v -0.903109 0.841604 -0.111883
v -0.902796 0.841488 -0.109140
v -0.895409 0.720399 -0.117644
v -0.895098 0.720253 -0.114903
v -0.895098 0.720253 -0.114903
v -0.893216 0.720074 -0.113926
v 1.037323 -1.372099 -0.242806
v 1.038407 -1.373555 -0.243907
v 1.100381 -1.325834 -0.242703
v 1.099194 -1.324457 -0.241604
v 1.038407 -1.373555 -0.243907
v 1.038519 -1.373642 -0.246667
v 1.100508 -1.325911 -0.245463
v 1.100381 -1.325834 -0.242703
v -0.766616 1.149218 -0.097063
v -0.766371 1.147290 -0.096140
v -0.766694 1.149614 -0.099796
v -0.766616 1.149218 -0.097063
v 0.364545 1.008461 -0.122128
v 0.366382 1.007465 -0.121188
v 0.364240 1.008723 -0.124864
v 0.364545 1.008461 -0.122128
v 0.261719 0.668596 -0.136245
v 0.263091 0.667292 -0.135313
v 0.261480 0.668903 -0.138981
v 0.261719 0.668596 -0.136245
v 0.261719 0.668596 -0.136245
v 0.261480 0.668903 -0.138981
v 0.183470 0.605711 -0.140641
v 0.183655 0.605358 -0.137908
v 0.183655 0.605358 -0.137908
v 0.184647 0.603733 -0.136983
v 0.635093 -1.566668 -0.245266
v 0.635621 -1.568402 -0.246371
v 0.761053 -1.525122 -0.246413
v 0.760365 -1.523444 -0.245307
v 0.635621 -1.568402 -0.246371
v 0.635654 -1.568529 -0.249131
v 0.761108 -1.525241 -0.249173
v 0.761053 -1.525122 -0.246413
v 0.873829 -1.475451 -0.248703
v 0.873751 -1.475343 -0.245944
v 0.873751 -1.475343 -0.245944
v 0.872910 -1.473734 -0.244839
v -0.958426 1.122687 -0.094139
v -0.960736 1.124294 -0.095043
v -0.944904 1.056857 -0.098438
v -0.942781 1.056029 -0.097495
v -0.960736 1.124294 -0.095043
v -0.961109 1.124644 -0.097774
v -0.945250 1.057096 -0.101174
v -0.944904 1.056857 -0.098438
v 1.112973 0.238729 -0.196813
v 1.112700 0.238717 -0.199562
v 1.025739 0.362106 -0.192402
v 1.026016 0.362112 -0.189652
v 1.112700 0.238717 -0.199562
v 1.111088 0.237784 -0.200595
v 1.024095 0.361212 -0.193433
v 1.025739 0.362106 -0.192402
v 0.950668 0.477927 -0.186804
v 0.952394 0.478642 -0.185783
v 0.952394 0.478642 -0.185783
v 0.952683 0.478623 -0.183035
v -0.370748 -1.628963 -0.259352
v -0.370760 -1.628572 -0.262088
v -0.196022 -1.641713 -0.265560
v -0.195992 -1.642106 -0.262825
v -0.370760 -1.628572 -0.262088
v -0.370546 -1.626674 -0.263019
v -0.195932 -1.639804 -0.266488
v -0.196022 -1.641713 -0.265560
v -0.004337 -1.644166 -0.269828
v -0.004308 -1.646077 -0.268902
v -0.004308 -1.646077 -0.268902
v -0.004261 -1.646471 -0.266167
v -1.434430 -0.578689 -0.165447
v -1.436306 -0.578522 -0.166424
v -1.438542 -0.689918 -0.171567
v -1.436666 -0.689852 -0.170578
v -1.436306 -0.578522 -0.166424
v -1.436615 -0.578377 -0.169166
v -1.438853 -0.689807 -0.174310
v -1.438542 -0.689918 -0.171567
v -1.422550 -0.807220 -0.180035
v -1.422244 -0.807295 -0.177291
v -1.422244 -0.807295 -0.177291
v -1.420400 -0.806976 -0.176290
v 0.357791 -1.623318 -0.243359
v 0.358034 -1.625116 -0.244463
v 0.504715 -1.601403 -0.245762
v 0.504336 -1.599630 -0.244657
v 0.358034 -1.625116 -0.244463
v 0.358026 -1.625252 -0.247223
v 0.504727 -1.601536 -0.248522
v 0.504715 -1.601403 -0.245762
v -1.389682 -0.342802 -0.155212
v -1.391496 -0.342256 -0.156173
v -1.420887 -0.463694 -0.161338
v -1.419035 -0.464065 -0.160369
v -1.391496 -0.342256 -0.156173
v -1.391797 -0.342057 -0.158913
v -1.421194 -0.463520 -0.164078
v -1.420887 -0.463694 -0.161338
v 0.185584 -1.640978 -0.242377
v 0.185468 -1.639166 -0.241274
v 0.185558 -1.641116 -0.245136
v 0.185584 -1.640978 -0.242377
v -0.834460 1.154425 -0.122353
v -0.834451 1.154281 -0.125113
v -0.899642 1.159031 -0.123825
v -0.899760 1.159183 -0.121063
v -0.834451 1.154281 -0.125113
v -0.834081 1.152428 -0.126222
v -0.898511 1.157123 -0.124949
v -0.899642 1.159031 -0.123825
v -0.945496 1.159221 -0.124082
v -0.947460 1.161174 -0.122943
v -0.947460 1.161174 -0.122943
v -0.947698 1.161332 -0.120178
v 0.886345 0.716716 -0.143220
v 0.888198 0.716871 -0.144259
v 0.898647 0.841468 -0.138637
v 0.896781 0.841522 -0.137588
v 0.888198 0.716871 -0.144259
v 0.888420 0.717014 -0.147009
v 0.898871 0.841582 -0.141389
v 0.898647 0.841468 -0.138637
v 0.923410 0.960437 -0.136265
v 0.923175 0.960283 -0.133515
v 0.923175 0.960283 -0.133515
v 0.921227 0.960049 -0.132478
v 0.185104 -1.639615 -0.271703
v 0.185168 -1.640008 -0.268968
v 0.184954 -1.637708 -0.272627
v 0.185104 -1.639615 -0.271703
v 0.357278 -1.621860 -0.274712
v 0.357554 -1.623753 -0.273789
v 0.357554 -1.623753 -0.273789
v 0.357635 -1.624144 -0.271055
v -1.063621 -1.374574 -0.236180
v -1.063505 -1.374234 -0.238920
v -0.969744 -1.436307 -0.243341
v -0.969838 -1.436662 -0.240602
v -1.063505 -1.374234 -0.238920
v -1.062393 -1.372703 -0.239883
v -0.968781 -1.434674 -0.244297
v -0.969744 -1.436307 -0.243341
v -0.862821 -1.492671 -0.248729
v -0.863630 -1.494389 -0.247779
v -0.863630 -1.494389 -0.247779
v -0.863702 -1.494755 -0.245041
v -1.117473 0.236421 -0.160399
v -1.117287 0.236416 -0.163156
v -1.205143 0.084816 -0.168766
v -1.205333 0.084815 -0.166009
v -1.117287 0.236416 -0.163156
v -1.115679 0.235533 -0.164240
v -1.203516 0.083981 -0.169847
v -1.205143 0.084816 -0.168766
v -1.282310 -0.069742 -0.175704
v -1.283988 -0.069010 -0.174627
v -1.283988 -0.069010 -0.174627
v -1.284185 -0.069026 -0.171870
v 1.277918 -0.060010 -0.185743
v 1.279612 -0.059217 -0.186750
v 1.200318 0.098634 -0.178113
v 1.198699 0.097686 -0.177114
v 1.279612 -0.059217 -0.186750
v 1.279811 -0.058982 -0.189496
v 1.200507 0.098890 -0.180857
v 1.200318 0.098634 -0.178113
v -1.383338 -0.936211 -0.183921
v -1.381567 -0.935636 -0.182907
v -1.383634 -0.936172 -0.186668
v -1.383338 -0.936211 -0.183921
v -1.329312 -1.060578 -0.193341
v -1.329032 -1.060583 -0.190593
v -1.329032 -1.060583 -0.190593
v -1.327364 -1.059769 -0.189566
v -0.955848 0.491203 -0.123541
v -0.957587 0.491977 -0.124493
v -1.029830 0.370607 -0.128952
v -1.028161 0.369673 -0.128007
v -0.957587 0.491977 -0.124493
v -0.957878 0.492208 -0.127230
v -1.030112 0.370861 -0.131689
v -1.029830 0.370607 -0.128952
v 1.334946 -1.032347 -0.232899
v 1.333287 -1.031582 -0.231820
v 1.335140 -1.032336 -0.235655
v 1.334946 -1.032347 -0.232899
v 1.379316 -0.921405 -0.231221
v 1.379108 -0.921452 -0.228467
v 1.379108 -0.921452 -0.228467
v 1.377347 -0.920935 -0.227397
v 0.806262 1.110492 -0.123601
v 0.806337 1.112518 -0.124524
v 0.725774 1.088873 -0.124304
v 0.725907 1.086921 -0.123381
v 0.806337 1.112518 -0.124524
v 0.806305 1.112929 -0.127258
v 0.725713 1.089273 -0.127038
v 0.725774 1.088873 -0.124304
v -0.306096 1.105396 -0.105624
v -0.303899 1.106164 -0.106641
v -0.291569 1.130679 -0.105703
v -0.293796 1.129715 -0.104695
v -0.303899 1.106164 -0.106641
v -0.303628 1.106394 -0.109388
v -0.291293 1.130939 -0.108449
v -0.291569 1.130679 -0.105703
v -0.304569 1.148040 -0.107436
v -0.304816 1.147760 -0.104692
v -0.304816 1.147760 -0.104692
v -0.306844 1.146646 -0.103694
v 1.405863 -0.797785 -0.223155
v 1.404042 -0.797524 -0.222097
v 1.406080 -0.797702 -0.225908
v 1.405863 -0.797785 -0.223155
v 1.416755 -0.669826 -0.220138
v 1.416535 -0.669943 -0.217386
v 1.416535 -0.669943 -0.217386
v 1.414691 -0.669926 -0.216339
v -1.422940 -0.806112 -0.203867
v -1.421430 -0.806562 -0.206643
v -1.383720 -0.931223 -0.213077
v -1.384024 -0.935065 -0.210500
v -1.421430 -0.806562 -0.206643
v -1.383720 -0.931223 -0.213077
v -1.329617 -1.056626 -0.219807
v -1.329617 -1.056626 -0.219807
v -1.329702 -1.059470 -0.217173
v 0.943538 1.060778 -0.129176
v 0.941418 1.059579 -0.128181
v 0.943799 1.061070 -0.131920
v 0.943538 1.060778 -0.129176
v 0.936338 1.123170 -0.128911
v 0.936107 1.122749 -0.126173
v 0.936107 1.122749 -0.126173
v 0.934191 1.120645 -0.125223
v 0.437251 1.118268 -0.144857
v 0.437266 1.118135 -0.147617
v 0.403297 1.109566 -0.147459
v 0.403193 1.109683 -0.144698
v 0.437266 1.118135 -0.147617
v 0.437673 1.116357 -0.148722
v 0.404319 1.107902 -0.148569
v 0.403297 1.109566 -0.147459
v 0.378814 1.076977 -0.149589
v 0.377245 1.078364 -0.148483
v 0.403193 1.109683 -0.144698
v 0.403297 1.109566 -0.147459
v 0.377245 1.078364 -0.148483
v 0.377064 1.078441 -0.145723
v 0.923020 0.961545 -0.160097
v 0.922694 0.961646 -0.162840
v 0.943058 1.062142 -0.158502
v 0.943408 1.062178 -0.155752
v 0.922694 0.961646 -0.162840
v 0.920714 0.961507 -0.163831
v 0.940904 1.061037 -0.159534
v 0.943058 1.062142 -0.158502
v 0.933677 1.122103 -0.156576
v 0.935627 1.124112 -0.155499
v 0.935627 1.124112 -0.155499
v 0.935947 1.124278 -0.152743
v 0.356774 0.920942 -0.152713
v 0.356992 0.920988 -0.155468
v 0.345669 0.832593 -0.159392
v 0.345461 0.832550 -0.156637
v 0.356992 0.920988 -0.155468
v 0.358813 0.920468 -0.156538
v 0.347428 0.832051 -0.160463
v 0.345669 0.832593 -0.159392
v 0.318679 0.747569 -0.163920
v 0.317070 0.748410 -0.162838
v 0.317070 0.748410 -0.162838
v 0.316882 0.748409 -0.160081
v -0.004796 0.552478 -0.136264
v -0.004811 0.554360 -0.137193
v -0.099688 0.567783 -0.135015
v -0.100186 0.565966 -0.134075
v -0.004811 0.554360 -0.137193
v -0.004856 0.554749 -0.139927
v -0.099660 0.568164 -0.137751
v -0.099688 0.567783 -0.135015
v 1.378926 -0.920297 -0.255053
v 1.378628 -0.920088 -0.257792
v 1.405383 -0.796422 -0.252481
v 1.405690 -0.796594 -0.249740
v 1.378628 -0.920088 -0.257792
v 1.376833 -0.919477 -0.258750
v 1.403529 -0.796066 -0.253450
v 1.405383 -0.796422 -0.252481
v 1.414178 -0.668468 -0.247692
v 1.416054 -0.668580 -0.246712
v 1.416054 -0.668580 -0.246712
v 1.416365 -0.668717 -0.243969
v 0.905690 0.595168 -0.150203
v 0.903901 0.594669 -0.149181
v 0.905903 0.595361 -0.152951
v 0.905690 0.595168 -0.150203
v 0.507372 1.117476 -0.118382
v 0.507658 1.119393 -0.119314
v 0.472971 1.120698 -0.118685
v 0.472980 1.118775 -0.117759
v 0.507658 1.119393 -0.119314
v 0.507655 1.119788 -0.122049
v 0.472927 1.121094 -0.121419
v 0.472971 1.120698 -0.118685
v 0.888029 0.718122 -0.170841
v 0.887717 0.718235 -0.173584
v 0.898167 0.842831 -0.167963
v 0.898481 0.842690 -0.165221
v 0.887717 0.718235 -0.173584
v 0.885832 0.718174 -0.174573
v 0.896268 0.842980 -0.168941
v 0.898167 0.842831 -0.167963
v -0.190277 0.609448 -0.158238
v -0.190463 0.609353 -0.160993
v -0.272571 0.676566 -0.156524
v -0.272325 0.676610 -0.153772
v -0.190463 0.609353 -0.160993
v -0.191472 0.607839 -0.162063
v -0.273986 0.675414 -0.157570
v -0.272571 0.676566 -0.156524
v -0.336142 0.766338 -0.152325
v -0.334437 0.767038 -0.151304
v -0.272325 0.676610 -0.153772
v -0.272571 0.676566 -0.156524
v -0.334437 0.767038 -0.151304
v -0.334151 0.767017 -0.148556
v -0.895799 0.721507 -0.141476
v -0.895578 0.721616 -0.144228
v -0.912701 0.606927 -0.149280
v -0.912914 0.606863 -0.146526
v -0.895578 0.721616 -0.144228
v -0.893729 0.721531 -0.145279
v -0.910911 0.606526 -0.150344
v -0.912701 0.606927 -0.149280
v -0.956361 0.492661 -0.154894
v -0.958067 0.493340 -0.153818
v -0.958067 0.493340 -0.153818
v -0.958268 0.493316 -0.151062
v -1.268627 -1.161632 -0.225679
v -1.268793 -1.162337 -0.222953
v -1.266665 -1.159425 -0.226633
v -1.268627 -1.161632 -0.225679
v -1.203676 -1.243190 -0.231548
v -1.205101 -1.244409 -0.230565
v -1.205101 -1.244409 -0.230565
v -1.205262 -1.244704 -0.227823
v 0.541423 1.109361 -0.120333
v 0.540900 1.107509 -0.119395
v 0.541455 1.109747 -0.123069
v 0.541423 1.109361 -0.120333
v -0.343689 1.175658 -0.102758
v -0.345209 1.174286 -0.101781
v -0.304816 1.147760 -0.104692
v -0.304569 1.148040 -0.107436
v -0.343514 1.175975 -0.105500
v -0.343689 1.175658 -0.102758
v -0.396144 1.209232 -0.103092
v -0.396229 1.208871 -0.100354
v -0.396229 1.208871 -0.100354
v -0.397123 1.207192 -0.099401
v -0.310410 1.153195 -0.132772
v -0.310885 1.152238 -0.134004
v -0.343521 1.173346 -0.132524
v -0.342136 1.175313 -0.131491
v -0.376868 1.195784 -0.130910
v -0.373728 1.197662 -0.129667
v 0.092023 0.566797 -0.138200
v 0.092549 0.564977 -0.137277
v 0.091904 0.567178 -0.140934
v 0.092023 0.566797 -0.138200
v 0.935947 1.124278 -0.152743
v 0.935627 1.124112 -0.155499
v 0.883970 1.134170 -0.154185
v 0.884160 1.134357 -0.151426
v 0.882937 1.132015 -0.155285
v 0.883970 1.134170 -0.154185
v 0.805748 1.111949 -0.154954
v 0.805857 1.113882 -0.153850
v 0.805857 1.113882 -0.153850
v 0.805915 1.114037 -0.151090
v -0.364658 0.873148 -0.145876
v -0.364352 0.873060 -0.143132
v -0.366504 0.872913 -0.146873
v -0.364658 0.873148 -0.145876
v -0.364727 0.975940 -0.142112
v -0.362855 0.975765 -0.141135
v -0.362855 0.975765 -0.141135
v -0.362545 0.975619 -0.138393
v 1.412259 -0.541629 -0.240747
v 1.412570 -0.541736 -0.238004
v 1.410386 -0.541734 -0.241738
v 1.412259 -0.541629 -0.240747
v 1.387797 -0.400603 -0.234806
v 1.389643 -0.400296 -0.233806
v 1.389643 -0.400296 -0.233806
v 1.389949 -0.400373 -0.231061
v -1.346536 -0.210886 -0.180199
v -1.346741 -0.210922 -0.177443
v -1.344802 -0.211478 -0.181271
v -1.346536 -0.210886 -0.180199
v -1.390179 -0.341255 -0.186561
v -1.391974 -0.340881 -0.185498
v -1.391974 -0.340881 -0.185498
v -1.392187 -0.340950 -0.182745
v -0.304018 1.107502 -0.133220
v -0.304316 1.107717 -0.135959
v -0.289896 1.130759 -0.135123
v -0.289601 1.130570 -0.132428
v -0.304316 1.107717 -0.135959
v -0.306097 1.108373 -0.136915
v -0.291608 1.131384 -0.136051
v -0.289896 1.130759 -0.135123
v -0.289639 1.137031 -0.135671
v -0.288571 1.137342 -0.134860
v -0.288571 1.137342 -0.134860
v -0.288297 1.137336 -0.132447
v -0.364180 0.871779 -0.116551
v -0.366004 0.871418 -0.115522
v -0.363962 0.871953 -0.119300
v -0.364180 0.871779 -0.116551
v -0.362154 0.974511 -0.114561
v -0.362387 0.974364 -0.111811
v -0.362387 0.974364 -0.111811
v -0.364315 0.974183 -0.110772
v 0.884450 1.132807 -0.124860
v 0.883451 1.130557 -0.123932
v 0.936107 1.122749 -0.126173
v 0.936338 1.123170 -0.128911
v 0.884550 1.133249 -0.127594
v 0.884450 1.132807 -0.124860
v 0.261238 0.669960 -0.165571
v 0.261089 0.670011 -0.162813
v 0.262578 0.668750 -0.166666
v 0.261238 0.669960 -0.165571
v 0.184133 0.605191 -0.168336
v 0.183174 0.606721 -0.167233
v 0.261089 0.670011 -0.162813
v 0.261238 0.669960 -0.165571
v 0.183174 0.606721 -0.167233
v 0.183079 0.606819 -0.164474
v -0.912221 0.605564 -0.119954
v -0.910398 0.605068 -0.118991
v -0.912524 0.605756 -0.122694
v -0.912221 0.605564 -0.119954
v -1.268140 -1.163421 -0.196371
v -1.266592 -1.162407 -0.195333
v -1.268404 -1.163445 -0.199121
v -1.268140 -1.163421 -0.196371
v -1.204872 -1.245812 -0.203991
v -1.204627 -1.245765 -0.201239
v -1.204627 -1.245765 -0.201239
v -1.203207 -1.244586 -0.200192
v 1.388310 -0.402061 -0.203453
v 1.390123 -0.401659 -0.204480
v 1.344661 -0.233683 -0.195926
v 1.342899 -0.234287 -0.194909
v 1.390123 -0.401659 -0.204480
v 1.390340 -0.401481 -0.207229
v 1.344871 -0.233476 -0.198674
v 1.344661 -0.233683 -0.195926
v -0.413375 1.221846 -0.126469
v -0.415186 1.221848 -0.128858
v -0.452679 1.238840 -0.127433
v -0.452376 1.238964 -0.124723
v -0.415186 1.221848 -0.128858
v -0.422558 1.223883 -0.129456
v -0.453115 1.237057 -0.128494
v -0.452679 1.238840 -0.127433
v -0.501829 1.245284 -0.127345
v -0.502197 1.247337 -0.126227
v -0.502197 1.247337 -0.126227
v -0.502207 1.247509 -0.123466
v 0.091542 0.568161 -0.167526
v 0.091514 0.568286 -0.164766
v 0.092035 0.566435 -0.168630
v 0.091542 0.568161 -0.167526
v -0.005310 0.553935 -0.167617
v -0.005291 0.555723 -0.166518
v -0.005291 0.555723 -0.166518
v -0.005246 0.555857 -0.163759
v 0.574307 1.095574 -0.148156
v 0.574172 1.095448 -0.150913
v 0.540943 1.110725 -0.149659
v 0.541065 1.110855 -0.146901
v 0.574172 1.095448 -0.150913
v 0.573531 1.093724 -0.151999
v 0.540386 1.108967 -0.150748
v 0.540943 1.110725 -0.149659
v 0.506859 1.118933 -0.149735
v 0.507177 1.120757 -0.148639
v 0.507177 1.120757 -0.148639
v 0.507265 1.120896 -0.145881
v 0.905210 0.596532 -0.179529
v 0.905513 0.596468 -0.176784
v 0.903388 0.596127 -0.180534
v 0.905210 0.596532 -0.179529
v -1.139509 -1.312355 -0.234798
v -1.139645 -1.312676 -0.232058
v -1.138251 -1.310949 -0.235770
v -1.139509 -1.312355 -0.234798
v -1.139645 -1.312676 -0.232058
v -1.139509 -1.312355 -0.234798
v 0.657107 1.077110 -0.150370
v 0.657041 1.076966 -0.153129
v 0.609408 1.081014 -0.152161
v 0.609519 1.081149 -0.149403
v 0.657041 1.076966 -0.153129
v 0.656873 1.075103 -0.154229
v 0.608928 1.079223 -0.153253
v 0.609408 1.081014 -0.152161
v -1.346056 -0.212250 -0.150873
v -1.344292 -0.212947 -0.149918
v -1.346351 -0.212030 -0.153611
v -1.346056 -0.212250 -0.150873
v -1.437006 -0.577269 -0.192998
v -1.435676 -0.580107 -0.195916
v -1.437179 -0.692733 -0.201113
v -1.439243 -0.688699 -0.198142
v -1.435676 -0.580107 -0.195916
v -1.437179 -0.692733 -0.201113
v -1.421174 -0.462826 -0.190692
v -1.421584 -0.462412 -0.187910
v -1.418381 -0.464426 -0.191837
v -1.421174 -0.462826 -0.190692
v 0.936719 -1.440634 -0.275683
v 0.920413 -1.444456 -0.275840
v 0.971281 -1.407464 -0.275096
v 0.977126 -1.413304 -0.275148
v 1.033785 -1.362591 -0.274053
v 1.038397 -1.369783 -0.274145
v -0.752267 -1.542855 -0.251856
v -0.752317 -1.543231 -0.249119
v -0.751616 -1.541068 -0.252799
v -0.752267 -1.542855 -0.251856
v -0.636318 -1.578934 -0.256448
v -0.636813 -1.580774 -0.255509
v -0.636813 -1.580774 -0.255509
v -0.636842 -1.581158 -0.252773
v 1.278984 -1.127018 -0.263028
v 1.278717 -1.126743 -0.265764
v 1.334466 -1.030984 -0.262225
v 1.334750 -1.031228 -0.259487
v 1.278717 -1.126743 -0.265764
v 1.277151 -1.125666 -0.266705
v 1.332773 -1.030125 -0.263173
v 1.334466 -1.030984 -0.262225
v 0.504240 -1.600038 -0.275088
v 0.504337 -1.600428 -0.272354
v 0.503860 -1.598157 -0.276010
v 0.504240 -1.600038 -0.275088
v 0.634881 -1.565092 -0.276618
v 0.635178 -1.567024 -0.275697
v 0.635178 -1.567024 -0.275697
v 0.635263 -1.567421 -0.272963
v 0.757652 -1.525549 -0.275804
v 0.760854 -1.524362 -0.273097
v 0.754933 -1.524699 -0.276689
v 0.757652 -1.525549 -0.275804
v 0.827748 -1.496398 -0.276492
v 0.848989 -1.488869 -0.275822
v 0.848989 -1.488869 -0.275822
v 0.879772 -1.473131 -0.273348
v -0.924229 0.959721 -0.129936
v -0.923997 0.959837 -0.132687
v -0.903276 0.842851 -0.138466
v -0.903499 0.842711 -0.135715
v -0.923997 0.959837 -0.132687
v -0.922080 0.959806 -0.133736
v -0.901414 0.842983 -0.139506
v -0.903276 0.842851 -0.138466
v 1.412739 -0.542993 -0.211422
v 1.410899 -0.543192 -0.210385
v 1.412960 -0.542844 -0.214172
v 1.412739 -0.542993 -0.211422
v 0.965075 -1.423711 -0.245039
v 0.964102 -1.422177 -0.243935
v 0.965171 -1.423809 -0.247798
v 0.965075 -1.423711 -0.245039
v -0.961499 1.125752 -0.121606
v -0.961216 1.125657 -0.124369
v -0.945385 1.058220 -0.127763
v -0.945640 1.058204 -0.125006
v -0.961216 1.125657 -0.124369
v -0.958939 1.124145 -0.125492
v -0.943294 1.057487 -0.128848
v -0.945385 1.058220 -0.127763
v 0.364064 1.009824 -0.151454
v 0.363849 1.009831 -0.148696
v 0.365869 1.008923 -0.152541
v 0.364064 1.009824 -0.151454
v 0.725294 1.090236 -0.153630
v 0.725322 1.090381 -0.150870
v 0.725394 1.088379 -0.154734
v 0.725294 1.090236 -0.153630
v -0.449888 1.236022 -0.098213
v -0.450238 1.234098 -0.097281
v -0.449881 1.236418 -0.100948
v -0.449888 1.236022 -0.098213
v -0.751788 -1.544219 -0.222530
v -0.751103 -1.542525 -0.221446
v -0.751927 -1.544339 -0.225287
v -0.751788 -1.544219 -0.222530
v 0.472491 1.122062 -0.148011
v 0.472537 1.122202 -0.145252
v 0.472466 1.120232 -0.149112
v 0.472491 1.122062 -0.148011
v 1.344181 -0.232320 -0.225252
v 1.344481 -0.232368 -0.222506
v 1.342386 -0.232829 -0.226262
v 1.344181 -0.232320 -0.225252
v 1.277405 -0.058552 -0.217096
v 1.279132 -0.057853 -0.216076
v 1.279132 -0.057853 -0.216076
v 1.279421 -0.057874 -0.213328
v -0.767097 1.150581 -0.126388
v -0.767084 1.150722 -0.123628
v -0.766884 1.148748 -0.127493
v -0.767097 1.150581 -0.126388
v -1.139029 -1.313717 -0.205473
v -1.137744 -1.312398 -0.204416
v -1.139255 -1.313785 -0.208226
v -1.139029 -1.313717 -0.205473
v -1.139029 -1.313717 -0.205473
v -1.139255 -1.313785 -0.208226
v -0.100168 0.569147 -0.164341
v -0.100050 0.569272 -0.161583
v -0.100699 0.567424 -0.165428
v -0.100168 0.569147 -0.164341
v -1.030311 0.371970 -0.158278
v -1.030502 0.371969 -0.155521
v -1.028674 0.371131 -0.159360
v -1.030311 0.371970 -0.158278
v -0.552093 1.233282 -0.126064
v -0.552127 1.233422 -0.123303
v -0.551550 1.231460 -0.127173
v -0.552093 1.233282 -0.126064
v 1.199838 0.099997 -0.207438
v 1.200117 0.099998 -0.204689
v 1.198186 0.099143 -0.208467
v 1.199838 0.099997 -0.207438
v -0.514245 -1.608715 -0.258815
v -0.514251 -1.609103 -0.256079
v -0.513895 -1.606839 -0.259749
v -0.514245 -1.608715 -0.258815
v 1.038718 -1.372135 -0.270490
v 1.039524 -1.371136 -0.273210
v 1.100021 -1.324402 -0.272028
v 1.100191 -1.324752 -0.269293
v 1.039524 -1.371136 -0.273210
v 1.098245 -1.323401 -0.272968
v 1.100021 -1.324402 -0.272028
v 1.156513 -1.270818 -0.271478
v 1.158071 -1.272007 -0.270542
v 1.158071 -1.272007 -0.270542
v 1.158336 -1.272297 -0.267807
v -0.958183 0.493073 -0.145835
v -0.912828 0.606621 -0.141299
v -0.958073 0.492763 -0.139146
v -0.912719 0.606310 -0.134610
v -0.895604 0.720953 -0.129560
v -0.895714 0.721264 -0.136249
v -0.957963 0.492451 -0.132458
v -0.912609 0.605999 -0.127921
v -0.895495 0.720642 -0.122871
v -1.205177 -1.244947 -0.222596
v -1.268708 -1.162580 -0.217726
v -1.205067 -1.245258 -0.215907
v -1.268599 -1.162890 -0.211037
v -1.329507 -1.060024 -0.205257
v -1.329617 -1.059713 -0.211946
v -1.204957 -1.245569 -0.209219
v -1.268488 -1.163201 -0.204349
v -1.329398 -1.060335 -0.198569
v 0.377149 1.078198 -0.140496
v 0.403279 1.109440 -0.139471
v 0.377259 1.077887 -0.133807
v 0.403389 1.109129 -0.132782
v 0.403279 1.109440 -0.139471
v 0.403389 1.109129 -0.132782
v 0.437446 1.117714 -0.132941
v 0.437336 1.118025 -0.139629
v 0.377368 1.077576 -0.127118
v 0.403498 1.108818 -0.126093
v 0.403498 1.108818 -0.126093
v 0.437556 1.117403 -0.126252
v 0.923105 0.961302 -0.154870
v 0.898566 0.842447 -0.159994
v 0.923215 0.960991 -0.148181
v 0.898676 0.842136 -0.153305
v 0.888225 0.717568 -0.158925
v 0.888115 0.717879 -0.165614
v 0.923324 0.960680 -0.141492
v 0.898785 0.841825 -0.146616
v 0.888334 0.717257 -0.152237
v -0.371896 1.197801 -0.128148
v -0.341699 1.176118 -0.130373
v -0.371896 1.197801 -0.128148
v -0.365657 1.193370 -0.126693
v -0.341604 1.176138 -0.128165
v -0.341699 1.176118 -0.130373
v -0.317540 1.158880 -0.129084
v -0.311463 1.154400 -0.131155
v -0.342136 1.175313 -0.131491
v -0.310410 1.153195 -0.132772
v -0.395684 1.210541 -0.116266
v -0.396181 1.209565 -0.108412
v -0.343464 1.176167 -0.110767
v -0.342783 1.176173 -0.117549
v -0.304160 1.147990 -0.112781
v -0.300351 1.145971 -0.120829
v -0.334065 0.766774 -0.143329
v -0.272239 0.676367 -0.148545
v -0.333956 0.766463 -0.136640
v -0.272130 0.676056 -0.141856
v -0.272239 0.676367 -0.148545
v -0.272130 0.676056 -0.141856
v -0.190081 0.608894 -0.146322
v -0.190191 0.609205 -0.153011
v -0.333846 0.766152 -0.129952
v -0.272020 0.675745 -0.135167
v -0.272020 0.675745 -0.135167
v -0.189972 0.608583 -0.139633
v 0.806000 1.113794 -0.145863
v 0.884245 1.134114 -0.146199
v 0.806110 1.113483 -0.139174
v 0.884355 1.133803 -0.139510
v 0.936143 1.123724 -0.140827
v 0.936033 1.124035 -0.147515
v 0.806219 1.113172 -0.132485
v 0.884464 1.133492 -0.132822
v 0.936252 1.123413 -0.134138
v -0.362459 0.975376 -0.133166
v -0.364266 0.872818 -0.137904
v -0.362350 0.975065 -0.126477
v -0.364157 0.872507 -0.131216
v -0.362240 0.974754 -0.119788
v -0.364047 0.872195 -0.124527
v 1.390035 -0.400616 -0.225834
v 1.412655 -0.541979 -0.232777
v 1.390145 -0.400927 -0.219145
v 1.412765 -0.542290 -0.226088
v 1.416560 -0.669271 -0.232054
v 1.416451 -0.668961 -0.238742
v 1.390254 -0.401237 -0.212456
v 1.412874 -0.542601 -0.219399
v 1.416670 -0.669582 -0.225365
v 0.936033 1.124035 -0.147515
v 0.943494 1.061935 -0.150525
v 0.936143 1.123724 -0.140827
v 0.943604 1.061625 -0.143836
v 0.936252 1.123413 -0.134138
v 0.943713 1.061313 -0.137147
v -1.392102 -0.341192 -0.177517
v -1.346655 -0.211165 -0.172216
v -1.391992 -0.341503 -0.170829
v -1.346546 -0.211476 -0.165527
v -1.283990 -0.069580 -0.159955
v -1.284100 -0.069269 -0.166643
v -1.391882 -0.341815 -0.164140
v -1.346436 -0.211787 -0.158839
v -1.283880 -0.069891 -0.153266
v 1.405776 -0.796837 -0.244513
v 1.405885 -0.797148 -0.237824
v 1.379121 -0.920851 -0.243137
v 1.379012 -0.920540 -0.249826
v 1.405995 -0.797459 -0.231136
v 1.379231 -0.921162 -0.236449
v -0.303933 1.107259 -0.127993
v -0.334970 1.055604 -0.129886
v -0.335055 1.055847 -0.135113
v -0.303823 1.106948 -0.121304
v -0.334860 1.055293 -0.123197
v -0.303713 1.106637 -0.114615
v -0.334751 1.054982 -0.116508
v -0.334665 1.054739 -0.111281
v 0.574392 1.095330 -0.142929
v 0.609604 1.080906 -0.144176
v 0.574502 1.095020 -0.136240
v 0.609714 1.080595 -0.137487
v 0.657302 1.076556 -0.138454
v 0.657192 1.076867 -0.145143
v 0.574611 1.094708 -0.129551
v 0.609823 1.080284 -0.130798
v 0.657412 1.076245 -0.131765
v 1.334836 -1.031471 -0.254260
v 1.334945 -1.031782 -0.247571
v 1.279179 -1.127572 -0.251112
v 1.279069 -1.127261 -0.257801
v 1.335055 -1.032093 -0.240883
v 1.279288 -1.127882 -0.244423
v -1.205247 0.084572 -0.160782
v -1.205138 0.084261 -0.154093
v -1.117278 0.235867 -0.148483
v -1.117388 0.236178 -0.155172
v -1.205028 0.083950 -0.147405
v -1.117168 0.235556 -0.141795
v -1.383938 -0.935308 -0.205273
v -1.383829 -0.935619 -0.198584
v -1.422745 -0.806666 -0.191952
v -1.422855 -0.806355 -0.198640
v -1.383719 -0.935930 -0.191895
v -1.422636 -0.806977 -0.185263
v 0.952769 0.478380 -0.177808
v 1.026102 0.361869 -0.184425
v 0.952878 0.478069 -0.171119
v 1.026212 0.361558 -0.177736
v 1.113168 0.238175 -0.184896
v 1.113059 0.238486 -0.191585
v 0.952988 0.477758 -0.164430
v 1.026321 0.361247 -0.171048
v 1.113278 0.237864 -0.178208
v -0.502121 1.247266 -0.118238
v -0.451914 1.238535 -0.119586
v -0.502012 1.246955 -0.111549
v -0.450375 1.237309 -0.112966
v -0.411376 1.220770 -0.122016
v -0.501902 1.246644 -0.104861
v -0.449954 1.236684 -0.106200
v -0.005161 0.555614 -0.158532
v 0.091600 0.568043 -0.159539
v -0.005051 0.555304 -0.151843
v 0.091709 0.567732 -0.152850
v 0.183275 0.606265 -0.152557
v 0.183165 0.606576 -0.159246
v -0.004942 0.554993 -0.145154
v 0.091819 0.567421 -0.146161
v 0.183384 0.605954 -0.145869
v 0.507351 1.120653 -0.140654
v 0.541150 1.110612 -0.141674
v 0.507460 1.120342 -0.133965
v 0.541260 1.110301 -0.134985
v 0.507570 1.120031 -0.127276
v 0.541369 1.109990 -0.128296
v 0.905598 0.596226 -0.171556
v 0.905708 0.595915 -0.164867
v 0.905817 0.595603 -0.158179
v -1.063535 -1.374817 -0.230953
v -1.139560 -1.312920 -0.226830
v -1.063426 -1.375128 -0.224264
v -1.139450 -1.313230 -0.220142
v -1.139560 -1.312920 -0.226830
v -1.139450 -1.313230 -0.220142
v -1.063316 -1.375439 -0.217576
v -1.139340 -1.313542 -0.213453
v -1.139340 -1.313542 -0.213453
v 0.357721 -1.624387 -0.265827
v 0.185253 -1.640252 -0.263741
v 0.357831 -1.624699 -0.259139
v 0.185363 -1.640563 -0.257052
v -0.004066 -1.647025 -0.254251
v -0.004176 -1.646714 -0.260940
v 0.357940 -1.625009 -0.252450
v 0.185472 -1.640873 -0.250364
v -0.003957 -1.647336 -0.247562
v -1.439157 -0.688942 -0.192914
v -1.439048 -0.689253 -0.186226
v -1.436810 -0.577823 -0.181082
v -1.436921 -0.577512 -0.187771
v -1.438938 -0.689564 -0.179537
v -1.436701 -0.578134 -0.174393
v 0.874195 -1.474476 -0.267390
v 0.760962 -1.524354 -0.267798
v 0.873634 -1.474898 -0.260619
v 0.760913 -1.524687 -0.261089
v 0.635459 -1.567976 -0.261047
v 0.635349 -1.567665 -0.267736
v 0.873743 -1.475209 -0.253931
v 0.761023 -1.524998 -0.254400
v 0.635568 -1.568286 -0.254359
v -1.421499 -0.462656 -0.182683
v -1.421389 -0.462966 -0.175994
v -1.421279 -0.463277 -0.169306
v 1.038288 -1.372727 -0.265270
v 0.965181 -1.422816 -0.266421
v 0.967776 -1.421244 -0.271691
v 1.038324 -1.373088 -0.258583
v 0.964976 -1.423255 -0.259714
v 1.038434 -1.373399 -0.251894
v 0.965085 -1.423566 -0.253026
v -0.636756 -1.581401 -0.247545
v -0.752232 -1.543474 -0.243891
v -0.636647 -1.581712 -0.240857
v -0.752122 -1.543786 -0.237203
v -0.863508 -1.495309 -0.233125
v -0.863617 -1.494998 -0.239814
v -0.636537 -1.582023 -0.234168
v -0.752013 -1.544096 -0.230514
v -0.863398 -1.495620 -0.226437
v -0.903414 0.842469 -0.130488
v -0.903304 0.842158 -0.123799
v -0.924034 0.959167 -0.118019
v -0.924143 0.959478 -0.124708
v -0.903194 0.841846 -0.117110
v -0.923924 0.958856 -0.111331
v 0.504422 -1.600671 -0.267127
v 0.504532 -1.600982 -0.260438
v 0.504641 -1.601293 -0.253749
v 0.261175 0.669768 -0.157586
v 0.261285 0.669457 -0.150897
v 0.261175 0.669768 -0.157586
v 0.261285 0.669457 -0.150897
v 0.317077 0.747855 -0.148165
v 0.316968 0.748166 -0.154854
v 0.261394 0.669146 -0.144208
v 0.261394 0.669146 -0.144208
v 0.317187 0.747544 -0.141477
v 0.345546 0.832307 -0.151410
v 0.345656 0.831996 -0.144721
v 0.356970 0.920388 -0.140797
v 0.356860 0.920699 -0.147486
v 0.345765 0.831685 -0.138033
v 0.357079 0.920077 -0.134109
v -0.947613 1.161089 -0.114950
v -0.899675 1.158940 -0.115835
v -0.947503 1.160779 -0.108262
v -0.899565 1.158629 -0.109147
v -0.834265 1.153871 -0.110437
v -0.834375 1.154181 -0.117126
v -0.947393 1.160467 -0.101573
v -0.899456 1.158318 -0.102458
v -0.834156 1.153559 -0.103748
v 1.218725 -1.207395 -0.260538
v 1.218639 -1.207151 -0.265765
v 1.218835 -1.207705 -0.253849
v 1.218725 -1.207395 -0.260538
v 1.218835 -1.207705 -0.253849
v 1.158531 -1.272851 -0.255891
v 1.158422 -1.272541 -0.262579
v 1.218639 -1.207151 -0.265765
v 1.218944 -1.208016 -0.247161
v 1.218944 -1.208016 -0.247161
v 1.158641 -1.273162 -0.249202
v -0.961414 1.125509 -0.116379
v -0.965759 1.155319 -0.114922
v -0.965844 1.155562 -0.120149
v -0.961304 1.125198 -0.109690
v -0.965649 1.155008 -0.108233
v -0.965759 1.155319 -0.114922
v -0.965649 1.155008 -0.108233
v -0.965844 1.155562 -0.120149
v -0.961195 1.124887 -0.103001
v -0.965539 1.154697 -0.101544
v -0.965454 1.154454 -0.096317
v -0.965539 1.154697 -0.101544
v -0.965454 1.154454 -0.096317
v 0.363935 1.009588 -0.143469
v 0.364045 1.009278 -0.136780
v 0.364154 1.008966 -0.130092
v 0.725408 1.090138 -0.145643
v 0.725518 1.089827 -0.138954
v 0.725627 1.089515 -0.132265
v -0.704524 1.155720 -0.119180
v -0.650220 1.175866 -0.119133
v -0.704414 1.155409 -0.112492
v -0.650110 1.175555 -0.112444
v -0.600708 1.204644 -0.111901
v -0.600818 1.204955 -0.118589
v -0.704305 1.155098 -0.105803
v -0.650001 1.175244 -0.105756
v -0.600599 1.204333 -0.105212
v -0.195907 -1.642350 -0.257597
v -0.195797 -1.642660 -0.250909
v -0.370553 -1.629518 -0.247436
v -0.370663 -1.629206 -0.254125
v -0.195688 -1.642972 -0.244220
v -0.370443 -1.629828 -0.240748
v 0.472622 1.121959 -0.140024
v 0.472732 1.121649 -0.133335
v 0.472842 1.121337 -0.126647
v 1.279506 -0.058117 -0.208101
v 1.344566 -0.232611 -0.217278
v 1.279616 -0.058428 -0.201412
v 1.344676 -0.232922 -0.210590
v 1.279726 -0.058739 -0.194723
v 1.344785 -0.233233 -0.203901
v -0.766999 1.150479 -0.118401
v -0.766889 1.150168 -0.111712
v -0.766779 1.149857 -0.105024
v -0.969753 -1.436904 -0.235375
v -0.969643 -1.437215 -0.228686
v -0.969533 -1.437526 -0.221998
v -0.099964 0.569029 -0.156356
v -0.099855 0.568718 -0.149667
v -0.099745 0.568407 -0.142978
v -1.030416 0.371726 -0.150294
v -1.030307 0.371415 -0.143605
v -1.030197 0.371104 -0.136917
v -0.552042 1.233179 -0.118076
v -0.551932 1.232868 -0.111387
v -0.551823 1.232557 -0.104698
v 1.200202 0.099755 -0.199462
v 1.200312 0.099444 -0.192773
v 1.200421 0.099133 -0.186085
v -0.514166 -1.609347 -0.250852
v -0.514056 -1.609657 -0.244163
v -0.513947 -1.609969 -0.237475
v 1.100213 -1.325039 -0.264067
v 1.100313 -1.325356 -0.257379
v 1.100422 -1.325667 -0.250690
v 1.218388 -1.206855 -0.268501
v 1.216917 -1.205631 -0.269436
v 1.218388 -1.206855 -0.268501
v 1.218388 -1.206855 -0.268501
v -0.950212 0.489170 -0.123410
v -1.022367 0.367096 -0.127904
v -1.109149 0.231132 -0.132804
v -0.210896 0.155735 -0.150972
v -0.110044 0.163096 -0.152281
v 0.000027 0.167075 -0.153898
v -0.832661 1.146424 -0.094777
v -0.895060 1.151009 -0.093542
v -0.938885 1.153065 -0.092729
v -0.915164 0.958169 -0.102179
v -0.894801 0.841727 -0.107926
v -0.887273 0.719710 -0.113722
v -0.399218 1.203198 -0.099234
v -0.451077 1.229510 -0.097162
v -0.501393 1.239179 -0.095889
v -0.904660 0.603842 -0.118824
v -0.340341 0.210517 -0.146305
v -0.292548 0.158271 -0.149517
v -0.597836 1.197730 -0.096237
v -0.647434 1.168579 -0.096780
v -0.702576 1.148146 -0.096827
v -0.950812 1.118971 -0.094119
v -0.935774 1.054173 -0.097378
v -0.915649 1.051988 -0.097763
v -0.194806 0.596776 -0.130775
v -0.278242 0.669555 -0.126026
v -0.340638 0.762800 -0.120669
v -0.004696 0.540722 -0.136494
v -0.101766 0.554303 -0.134274
v -0.692049 0.994146 -0.104114
v -0.689373 0.960810 -0.105707
v -0.639024 0.959698 -0.106583
v -0.640385 0.995984 -0.104874
v -0.597380 0.959693 -0.107265
v -0.597629 0.999979 -0.105388
v -0.313066 1.104893 -0.105216
v -0.300879 1.128968 -0.104296
v -0.312830 1.145146 -0.103348
v -0.371251 0.870472 -0.115162
v -0.369996 0.973888 -0.110374
v -0.526094 1.007538 -0.106208
v -0.529891 0.961871 -0.108269
v -0.493726 0.961158 -0.108895
v -0.486522 1.006102 -0.106923
v -0.460528 0.931723 -0.110807
v -1.196902 0.079273 -0.138427
v -1.275672 -0.074665 -0.144295
v -1.338086 -0.216524 -0.149868
v -1.383391 -0.346599 -0.155174
v -1.323812 -1.052420 -0.188965
v -1.263262 -1.154272 -0.194692
v -1.200053 -1.235896 -0.199522
v -0.633976 -1.570334 -0.224339
v -0.511892 -1.598220 -0.227634
v -0.368947 -1.618115 -0.230900
v -1.059028 -1.364901 -0.207828
v -0.965594 -1.426708 -0.212232
v -0.859864 -1.484514 -0.216650
v -0.194835 -1.631269 -0.234362
v -0.003745 -1.635607 -0.237693
v -1.428110 -0.583470 -0.165454
v -1.430441 -0.694013 -0.170556
v -1.414979 -0.806799 -0.176053
v 1.105644 0.233383 -0.168964
v 1.018814 0.357471 -0.161773
v 0.945494 0.474934 -0.155111
v 0.110230 0.163075 -0.155889
v 0.211321 0.155680 -0.157887
v 0.927626 1.113336 -0.125138
v 0.880521 1.122531 -0.123939
v 0.806204 1.103363 -0.123613
v 0.880513 0.716537 -0.142814
v 0.890766 0.841752 -0.137161
v 0.914712 0.959494 -0.132079
v 0.506630 1.110173 -0.118392
v 0.472748 1.111272 -0.117786
v 0.438879 1.107356 -0.117413
v 0.898184 0.593841 -0.148808
v 0.293263 0.158172 -0.159114
v 0.342140 0.210449 -0.157483
v 0.657783 1.067314 -0.122859
v 0.609074 1.071465 -0.121868
v 0.573093 1.085794 -0.120613
v 0.934137 1.056130 -0.127904
v 0.324146 0.743998 -0.132428
v 0.267946 0.662898 -0.135278
v 0.188763 0.594176 -0.137177
v 0.094329 0.553338 -0.137529
v 0.592139 0.957662 -0.126837
v 0.638480 0.957930 -0.127583
v 0.689415 0.959354 -0.128351
v 0.383522 1.070009 -0.118243
v 0.371593 1.005208 -0.121061
v 0.364592 0.918145 -0.124994
v 0.353034 0.829519 -0.128925
v 0.435447 0.909339 -0.126518
v 0.465550 0.944205 -0.125390
v 0.503761 0.954408 -0.125541
v 1.271699 -0.063447 -0.185483
v 1.192610 0.094322 -0.176853
v 1.381875 -0.404960 -0.203165
v 1.336530 -0.237447 -0.194634
v 1.154759 -1.263296 -0.239352
v 1.214957 -1.198382 -0.237320
v 1.275056 -1.118745 -0.234601
v 0.357115 -1.613239 -0.242562
v 0.503317 -1.589606 -0.243857
v 0.633705 -1.556793 -0.244466
v 0.870773 -1.464354 -0.244050
v 0.961730 -1.413012 -0.243152
v 1.034823 -1.363103 -0.242029
v 0.185138 -1.629105 -0.240483
v 1.372483 -0.918622 -0.226892
v 1.398014 -0.799772 -0.221785
v 1.408464 -0.673075 -0.216065
v -0.348987 1.171245 -0.101542
v -0.748950 -1.532660 -0.220705
v -0.435322 0.850435 -0.114999
v -0.407402 0.741213 -0.120534
v -0.346218 0.497272 -0.132877
v -0.346330 0.341255 -0.140129
v -0.371288 0.627883 -0.126394
v -0.549874 1.225485 -0.095731
v -0.562968 0.960082 -0.107811
v -0.561502 1.004072 -0.105790
v -1.134739 -1.303357 -0.203727
v -0.765828 1.142791 -0.096040
v -0.784884 0.925294 -0.105795
v -0.744778 0.958614 -0.104902
v -0.751577 0.992002 -0.103239
v -1.377493 -0.930177 -0.182402
v -1.157277 -0.158084 -0.150066
v -1.074831 0.016294 -0.143309
v -0.989008 0.187332 -0.136762
v -0.794887 0.715045 -0.115406
v -0.793313 0.835783 -0.109818
v -0.915567 0.336222 -0.131042
v -0.857621 0.467807 -0.125874
v -0.815977 0.591961 -0.120783
v -1.267661 -0.472961 -0.162898
v -1.221339 -0.317953 -0.156450
v -1.412722 -0.468355 -0.160354
v 1.404561 -0.546167 -0.210101
v -1.297325 -0.772967 -0.176361
v -1.297365 -0.631976 -0.169805
v -1.191656 -0.947633 -0.186211
v -1.256360 -0.873963 -0.181727
v -0.827392 -1.195702 -0.203709
v -0.937563 -1.138562 -0.199249
v -1.037241 -1.074787 -0.194651
v -0.340828 -1.328644 -0.217857
v -0.478346 -1.303687 -0.214445
v -0.599223 -1.273088 -0.211043
v 0.350910 -1.321201 -0.228837
v 0.182569 -1.339149 -0.226915
v 0.000954 -1.348012 -0.224353
v 1.165498 -0.982342 -0.226420
v 1.096631 -1.039312 -0.227942
v 1.026821 -1.088263 -0.229074
v 0.855663 -1.186285 -0.230829
v 0.744760 -1.230399 -0.231064
v 0.622614 -1.267938 -0.230809
v -0.178100 -1.344209 -0.221245
v -1.119958 -1.012011 -0.190378
v -0.714467 -1.238988 -0.207571
v 0.407098 1.099169 -0.117273
v 0.758580 -1.513804 -0.244512
v 0.494658 -1.297752 -0.230100
v 0.394125 0.735774 -0.133911
v 0.414815 0.834702 -0.129650
v 0.350279 0.341329 -0.151531
v 0.349529 0.497394 -0.144264
v 0.367558 0.627264 -0.138520
v 0.726710 1.080390 -0.123380
v 0.744975 0.957577 -0.129343
v 0.785416 0.924819 -0.131529
v 1.330074 -1.024639 -0.231127
v 1.284273 -0.803687 -0.220059
v 1.235394 -0.906822 -0.224054
v 1.262487 -0.504668 -0.205800
v 1.290033 -0.666525 -0.213776
v 0.984935 0.194658 -0.168742
v 1.069859 0.027776 -0.177891
v 1.150514 -0.149285 -0.187444
v 0.793644 0.836057 -0.135790
v 0.792962 0.718079 -0.141264
v 0.848270 0.480180 -0.153230
v 0.908526 0.345666 -0.160470
v 0.809437 0.600816 -0.146985
v 1.215296 -0.329386 -0.196878
v 0.539866 1.100625 -0.119380
v 0.546816 0.957186 -0.126117
v 1.096647 -1.315598 -0.240832
v 0.948566 -1.137725 -0.230093
v -1.109673 0.232619 -0.164791
v -1.022891 0.368583 -0.159891
v -0.950736 0.490657 -0.155397
v -0.000498 0.168566 -0.185976
v -0.110569 0.164587 -0.184359
v -0.211421 0.157227 -0.183049
v -0.939408 1.154552 -0.124716
v -0.895583 1.152496 -0.125529
v -0.833184 1.147911 -0.126764
v -0.887797 0.721197 -0.145709
v -0.895324 0.843214 -0.139913
v -0.915688 0.959656 -0.134166
v -0.500954 1.240196 -0.127913
v -0.450813 1.231135 -0.129115
v -0.411978 1.215176 -0.130195
v -0.413786 0.707821 -0.154138
v -0.451700 0.740925 -0.151978
v -0.483292 0.774465 -0.149901
v -0.905184 0.605330 -0.150811
v -0.293074 0.159762 -0.181595
v -0.340867 0.212008 -0.178383
v -0.703099 1.149633 -0.128814
v -0.647957 1.170066 -0.128767
v -0.598357 1.199216 -0.128224
v -0.951335 1.120458 -0.126106
v -0.955592 1.148956 -0.124711
v -0.963241 1.153525 -0.124056
v -0.508193 0.848910 -0.146032
v -0.532100 0.924588 -0.142122
v -0.341246 0.764387 -0.152650
v -0.278802 0.671146 -0.158007
v -0.195339 0.598295 -0.162761
v -0.102291 0.555793 -0.166261
v -0.005220 0.542208 -0.168482
v -0.596778 1.001452 -0.137490
v -0.596928 0.961172 -0.139360
v -0.639427 0.961188 -0.138663
v -0.640739 0.997473 -0.136955
v -0.689898 0.962301 -0.137785
v -0.692575 0.995637 -0.136191
v -0.311971 1.110586 -0.137034
v -0.342985 1.057755 -0.138982
v -0.358568 1.060519 -0.138644
v -0.337193 1.056510 -0.138817
v -0.370353 0.976037 -0.142333
v -0.371875 0.872019 -0.147144
v -1.276196 -0.073178 -0.176282
v -1.197426 0.080760 -0.170415
v -1.383847 -0.344707 -0.187143
v -1.338601 -0.214986 -0.181853
v -1.200362 -1.234681 -0.231525
v -1.260869 -1.154228 -0.226796
v -1.304531 -1.057192 -0.221586
v -0.369470 -1.616628 -0.262887
v -0.512415 -1.596733 -0.259622
v -0.634500 -1.568847 -0.256326
v -0.860388 -1.483027 -0.248638
v -0.966117 -1.425220 -0.244219
v -1.059551 -1.363414 -0.239815
v -0.004269 -1.634120 -0.269680
v -0.195359 -1.629781 -0.266350
v 0.944971 0.476421 -0.187098
v 1.018290 0.358958 -0.193760
v 1.105120 0.234870 -0.200951
v 0.210796 0.157171 -0.189965
v 0.109704 0.164567 -0.187966
v 0.805680 1.104850 -0.155600
v 0.879997 1.124018 -0.155926
v 0.927102 1.114823 -0.157125
v 0.914189 0.960980 -0.164066
v 0.890243 0.843239 -0.169148
v 0.879989 0.718024 -0.174802
v 0.438356 1.108843 -0.149400
v 0.472224 1.112759 -0.149773
v 0.506106 1.111660 -0.150379
v 0.897660 0.595329 -0.180795
v 0.341615 0.211941 -0.189561
v 0.292738 0.159663 -0.191191
v 0.572569 1.087281 -0.152600
v 0.608550 1.072953 -0.153856
v 0.657259 1.068801 -0.154846
v 0.933613 1.057617 -0.159891
v 0.188240 0.595663 -0.169164
v 0.267423 0.664385 -0.167265
v 0.323622 0.745485 -0.164415
v 0.093805 0.554825 -0.169516
v 0.688890 0.960845 -0.160429
v 0.637955 0.959421 -0.159661
v 0.591614 0.959153 -0.158915
v 0.364068 0.919632 -0.156981
v 0.371069 1.006695 -0.153048
v 0.382998 1.071496 -0.150230
v 0.352511 0.831006 -0.160912
v 0.503235 0.955899 -0.157619
v 0.465024 0.945697 -0.157467
v 0.434922 0.910831 -0.158596
v 1.192086 0.095809 -0.208840
v 1.271175 -0.061960 -0.217470
v 1.336006 -0.235960 -0.226621
v 1.381352 -0.403472 -0.235152
v 1.274532 -1.117258 -0.266588
v 1.214337 -1.196972 -0.269309
v 1.153466 -1.262424 -0.271355
v 0.634048 -1.554965 -0.276452
v 0.502902 -1.588077 -0.275844
v 0.356591 -1.611751 -0.274549
v 0.184614 -1.627618 -0.272470
v 1.407940 -0.671588 -0.248053
v 1.397490 -0.798285 -0.253772
v 1.371959 -0.917135 -0.258880
v -0.749474 -1.531173 -0.252692
v -0.346889 0.342858 -0.172201
v -0.347013 0.499658 -0.164909
v -0.373141 0.627258 -0.158549
v -0.550272 1.226913 -0.127723
v -0.561350 0.956796 -0.140146
v -0.557968 1.001267 -0.138134
v -1.135236 -1.301904 -0.235716
v -0.766351 1.144278 -0.128027
v -0.745303 0.960105 -0.136980
v -0.752102 0.993494 -0.135316
v -0.785410 0.926786 -0.137872
v -1.316800 -0.950164 -0.216431
v -1.298343 -0.879658 -0.213460
v -0.989533 0.188823 -0.168840
v -1.075356 0.017785 -0.175387
v -1.157803 -0.156592 -0.182144
v -0.793839 0.837275 -0.141896
v -0.795413 0.716536 -0.147484
v -0.858146 0.469298 -0.157951
v -0.916093 0.337714 -0.163120
v -0.816502 0.593452 -0.152861
v -1.221799 -0.316026 -0.188509
v -1.267661 -0.467991 -0.194823
v -1.411494 -0.576606 -0.197491
v -1.411019 -0.465196 -0.192303
v 1.404037 -0.544680 -0.242088
v -1.301249 -0.613415 -0.201034
v -1.335573 -0.698332 -0.204420
v -1.252195 -0.890997 -0.214743
v -1.190170 -0.948362 -0.218425
v -1.037767 -1.073296 -0.226729
v -0.938089 -1.137071 -0.231326
v -0.827918 -1.194211 -0.235787
v -0.599748 -1.271596 -0.243121
v -0.478872 -1.302196 -0.246522
v -0.341354 -1.327153 -0.249935
v 0.000429 -1.346520 -0.256431
v 0.182044 -1.337658 -0.258993
v 0.350385 -1.319710 -0.260915
v 1.026200 -1.086864 -0.261155
v 1.096014 -1.037896 -0.260021
v 1.164940 -0.980876 -0.258499
v 0.622127 -1.266432 -0.262887
v 0.744339 -1.228868 -0.263142
v 0.855255 -1.184762 -0.262907
v -0.178625 -1.342718 -0.253323
v -1.379306 -0.670456 -0.202403
v -1.120232 -1.010797 -0.222473
v -0.714992 -1.237496 -0.239648
v 0.406574 1.100656 -0.149261
v 0.849591 -1.480566 -0.276359
v 0.757564 -1.513704 -0.276536
v 0.494138 -1.296260 -0.262178
v 0.414290 0.836194 -0.161728
v 0.393600 0.737265 -0.165988
v 0.349004 0.498885 -0.176341
v 0.349754 0.342820 -0.183609
v 0.367032 0.628756 -0.170598
v 0.726186 1.081877 -0.155367
v 0.784891 0.926311 -0.163606
v 0.744450 0.959069 -0.161421
v 1.329550 -1.023152 -0.263114
v 1.234864 -0.905334 -0.256132
v 1.283748 -0.802196 -0.252137
v 1.289508 -0.665033 -0.245854
v 1.261962 -0.503177 -0.237878
v 1.149988 -0.147793 -0.219522
v 1.069334 0.029268 -0.209969
v 0.984410 0.196149 -0.200820
v 0.792437 0.719570 -0.173342
v 0.793119 0.837548 -0.167868
v 0.908000 0.347158 -0.192548
v 0.847745 0.481671 -0.185308
v 0.808912 0.602307 -0.179063
v 1.214771 -0.327895 -0.228956
v 0.539342 1.102112 -0.151367
v 0.546290 0.958678 -0.158195
v 1.094234 -1.315695 -0.272862
v 0.948053 -1.136267 -0.262172
v -0.373728 1.197662 -0.129667
v -0.392497 1.210473 -0.128052
v -0.390079 1.209766 -0.125221
v -0.375648 1.199755 -0.123068
v -0.308800 1.152728 -0.126349
v -0.295314 1.143162 -0.129870
v -0.289454 1.138075 -0.127857
v -0.295314 1.143162 -0.129870
v -0.289454 1.138075 -0.127857
v -0.293566 1.141884 -0.132861
v -0.293566 1.141884 -0.132861
v -0.341776 1.176032 -0.123836
v 0.974357 -1.417005 -0.274305
v 0.974357 -1.417005 -0.274305
v 0.920656 -1.452124 -0.275288
v 0.920656 -1.452124 -0.275288
v 0.891558 -1.467290 -0.276046
v 0.891558 -1.467290 -0.276046
v -0.395579 1.209684 -0.129854
v -0.395579 1.209684 -0.129854
v -0.392497 1.210473 -0.128052
v -0.293788 1.141592 -0.134683
v -0.310885 1.152238 -0.134004
v -0.293788 1.141592 -0.134683
v -0.293788 1.141592 -0.134683
v -0.294438 1.140140 -0.135598
v -0.297349 1.134066 -0.136138
v -0.936297 1.055660 -0.129365
v -0.916174 1.053480 -0.129841
v -0.343336 1.053889 -0.107091
v -0.359252 1.057148 -0.106634
v -0.336985 1.054149 -0.107501
v -0.955068 1.147469 -0.092724
v -0.962728 1.152067 -0.092703
v -0.945335 1.057339 -0.106401
v -0.945445 1.057650 -0.113090
v -0.945554 1.057961 -0.119779
v -0.300351 1.145971 -0.120829
v -0.304160 1.147990 -0.112781
v -0.291255 1.131108 -0.113707
v -0.290646 1.130954 -0.120526
v -0.289739 1.130504 -0.127264
v -0.965556 1.155414 -0.122914
v -0.965556 1.155414 -0.122914
v -0.965556 1.155414 -0.122914
v -0.335360 1.056036 -0.137853
v -0.335360 1.056036 -0.137853
v -0.334918 1.054560 -0.108532
v -0.334918 1.054560 -0.108532
v -0.965076 1.154050 -0.093588
v -0.965076 1.154050 -0.093588
v -0.965076 1.154050 -0.093588
v -0.876251 1.051708 -0.130577
v -0.821086 1.050491 -0.131537
v -0.696115 1.052239 -0.133502
v -0.642514 1.061172 -0.133964
v -0.596114 1.074648 -0.134098
v -0.511962 1.088949 -0.134810
v -0.469341 1.083364 -0.135768
v -0.427309 1.073519 -0.136914
v -0.388310 1.065574 -0.137922
v -0.758075 1.050535 -0.132567
v -0.553641 1.086433 -0.134245
v -0.875725 1.050217 -0.098499
v -0.820560 1.049000 -0.099459
v -0.642117 1.059682 -0.101884
v -0.695590 1.050748 -0.101424
v -0.596617 1.073169 -0.102002
v -0.472678 1.090610 -0.103221
v -0.516038 1.093229 -0.102389
v -0.428646 1.078843 -0.104489
v -0.388861 1.066473 -0.105715
v -0.757550 1.049043 -0.100489
v -0.556151 1.086004 -0.102068
